0,1,2,3,4,5,6,7,8,9,10,11,12,13,14,15,16,17,18,19,20,21,22,23,24,25,26,27,28,29,30,31,32,33,34,35,36,37,38,39,40,41,42,43,44,45,46,47,48,49,50,51,52,53,54,55,56,57,58,59,60,61,62,63,64,65,66,67,68,69,70,71,72,73,74,75,76,77,78,79,80,81,82,83,84,85,86,87,88,89,90,91,92,93,94,95,96,97,98,99,100,101,102,103,104,105,106,107,108,109,110,111,112,113,114,115,116,117,118,119,120,121,122,123,124,125,126,127
0.36186305,1.2654582,0.16190124,0.16692877,-0.39459383,-0.06404385,-0.1112359,-0.30424547,0.7507185,0.45818704,-0.11718713,0.5552224,-0.50152344,-0.036929443,0.37034187,-0.24092695,0.042691737,-0.23630868,-0.13770178,0.17261639,0.28780308,-0.10578136,0.27763414,0.31011817,0.15893762,0.15487498,0.61970115,0.14134724,0.08677173,-0.548129,-0.17750904,-0.27984735,-0.18954286,0.30224347,0.23428135,-0.50817394,-0.17758247,0.3407706,0.09291003,0.4540233,-0.30096117,0.2979973,0.20668985,-0.3263343,0.038711883,-0.21059489,0.07653175,-0.20866503,-0.30096227,-0.20578815,0.18418248,-0.26033002,0.31137654,-0.57441306,0.19764453,-0.39355922,-0.4296327,-0.18939552,0.30807188,-1.0591915,-0.51762295,0.14841482,0.24935223,0.46676892,-0.101449,0.15370384,0.029588602,-0.07247344,-0.0187921,-0.06618442,-0.87906957,0.32680172,-0.53971195,-0.5472474,-0.36234486,0.21322694,0.36744684,0.18001571,-0.58825505,0.7791117,0.3389165,0.31634519,-0.56776035,-0.271127,0.3910567,-0.25094318,-0.5758682,-0.32973444,-0.2087622,-0.20683047,0.0022173598,-0.55391574,0.59782195,-0.27216405,0.4337465,-0.17383282,-0.60897064,0.0051556937,-0.6147966,0.27720052,-0.049036205,-0.634899,-0.5713376,-0.49135822,-0.007853877,0.25523636,0.33149743,0.28089157,0.17234099,-0.18287611,0.5170541,-0.13395384,-0.030044124,1.024734,-0.09783873,-0.101574734,0.15581094,-0.3209812,-0.10958485,0.5278218,-0.26119742,0.36653572,0.16921943,0.34971562,-0.55308515,0.07499297,0.11024566,-0.3945583
0.031412996,-0.50127566,-0.7886399,0.47170636,-0.13859166,-0.2502349,-0.3703726,0.31105232,0.1909626,-0.36552992,0.25673273,0.07031874,0.67407507,0.2263641,-0.5818262,0.35990676,-0.6509129,-1.033388,0.6522312,-0.022037154,-0.42962974,-0.49316993,0.03428054,0.5030666,-0.24198405,0.5121132,0.29082143,0.15962325,-0.7593037,-0.4356505,-0.48379013,0.31609806,0.18439831,-0.18892246,-0.009351103,0.79624534,-0.18540053,-0.094087094,-0.26250714,-0.77909076,-0.16147345,0.37861076,-0.24566624,-0.51924926,0.16651349,0.4685964,0.16386919,0.38048804,-0.3480799,0.05773756,0.047285147,0.15179819,-0.054151505,-0.1745752,-0.71467274,0.20886686,0.8459025,-0.11715791,0.20821816,-0.35297203,-0.24133116,0.21575022,-0.56579053,1.0810069,-0.892939,-0.23531742,0.17328897,0.37807944,0.18490955,0.47744125,-0.15076861,0.38375708,-0.16344331,0.3698279,0.18053347,-0.5933227,0.09619868,0.096255414,-0.10283539,0.10743452,0.22566038,0.1344744,0.1466727,0.7613402,-0.19097857,0.5718193,0.030467665,0.35555482,0.2537105,0.31690562,0.8337454,-0.3018916,-0.26397616,-0.020256806,-0.10176396,-0.06894355,-0.7006598,-0.09020048,0.12177585,0.8353101,0.027053267,-0.2897256,-0.36843595,-0.1804978,-0.19634572,-0.7258689,-0.9515159,-0.38188615,-0.105037965,-0.7294924,-0.17308706,0.055908345,0.91815555,0.23059854,-0.2615575,0.14551017,0.4522186,0.58702874,-0.05529587,0.5758885,-0.18276645,0.37365204,-0.341828,0.58842987,0.23774767,-0.15572105,0.24980274,0.07493249
-0.68997306,-0.18869635,0.14457378,0.1853813,-0.5926276,-0.3851441,0.7967478,-0.18881035,0.6110512,0.38037193,-0.3922176,0.42768565,-0.85577005,-0.121489346,0.4868474,-0.17292392,-0.5692799,-0.30815795,0.023870727,0.010465793,-0.38572946,-0.82594275,0.088827625,-0.1518451,-0.20306705,-0.3008506,0.11270185,0.19971015,-0.43152446,0.10896748,0.11642413,0.84798706,-0.05694391,0.42448395,-0.07326966,-0.08859788,0.07516266,-0.43241,-0.039543144,0.28397703,-0.31342462,0.17867914,0.29496628,-0.1747596,0.01798239,-0.107905775,-0.6056232,-0.30742243,0.012134492,-0.59955895,-0.17249772,-0.7437289,-0.004762545,-0.20496781,0.2986769,0.4734887,-0.11748243,0.26599318,0.0808102,-0.57427096,0.53273404,0.5055133,0.1934493,-0.38358337,-0.42984366,-0.4869001,0.6025806,0.37576514,0.10676508,-0.107709534,0.022852354,0.31851545,0.09931713,-0.40576476,-0.005241275,0.010868944,0.26726645,-0.462574,-0.22198474,0.09351603,-0.13344419,0.18185571,-0.2288875,-0.49689645,-0.82181334,0.40460503,-0.3081104,0.27143434,0.38901046,-0.048030827,0.117784426,0.18287677,-0.03793838,-0.15010089,0.36562574,0.06729477,-0.11960371,-0.37293446,0.13930373,0.90070754,-0.18173055,-0.44088435,-0.26080632,-0.19598237,0.3272954,0.35731667,0.18618374,0.4595845,0.023437385,0.20477825,0.18579322,0.057577528,-0.1380538,0.025241246,0.51129127,-0.2482795,-0.44138822,-0.12115801,-0.085114226,0.6423713,0.15734278,0.584761,0.4660539,0.3780952,0.08177702,-0.29245678,0.15017462,-0.1901709
0.7777738,0.49473447,-0.03510746,0.2886305,-0.0028542848,-0.081303015,-0.4355343,0.1669008,-0.03631889,-0.6175083,-0.40360332,0.29090625,-0.43454534,-0.32262582,0.76968825,-0.1392085,-0.55680877,0.010210887,0.24991216,-0.41444808,-0.013139682,0.12764484,0.06487973,-0.20640297,-0.24524002,0.21015286,0.30729228,0.29118878,0.29848337,-0.14154105,-0.10861249,-0.082625784,0.22061159,0.36584732,0.14738694,0.77589685,-0.019332435,-0.33728045,0.21386744,-0.87810594,0.115762405,0.16060314,-0.0033735223,0.22052225,0.04832027,0.726833,0.07974011,0.21198629,0.15342197,0.40199846,0.18012637,0.15982887,-0.37179765,-0.11589545,-0.10434222,0.01116948,-0.02044727,0.39461687,-0.09574156,-0.16312689,-0.019690832,0.19597687,0.601482,-0.33127737,0.082530916,-0.20698917,0.030401902,0.28928947,-0.38009334,0.70691836,-0.10891847,-0.2456317,0.45694762,0.40163615,0.26297247,0.14881411,-0.08647246,-0.40707934,-0.40427744,0.004551947,-0.3365264,0.346371,-0.3807578,-0.35143942,0.12305768,-0.10501656,0.07555789,-0.06765701,-0.2343351,0.08486618,0.13545716,-0.04693053,-0.12556931,-0.03522429,-0.11621438,0.4505389,-0.17168355,-0.21593623,-0.34990135,-0.2777688,-0.07243159,-0.41146052,-0.08135798,0.17438401,0.3245659,0.58524394,-0.21906672,-0.13459909,0.12129857,-0.21969026,0.36104074,0.33479804,0.1385663,-0.49501413,-0.35786617,-0.09222202,0.10782205,-0.5812108,-0.22083028,-0.18660802,-0.29247442,0.13188761,0.17191742,0.35995442,0.4420789,-0.22012365,0.24942605,0.49751446
-0.075427026,0.0051576644,0.03449235,0.65172386,0.15129778,-0.17995028,-0.3112169,0.003115179,0.13099137,-0.39248592,0.06965999,0.03705313,-0.4018243,0.30049568,0.2709496,0.026570596,-0.3484397,0.2169587,0.23260763,-0.30741832,0.0145591535,0.2345846,0.1787025,0.06426389,0.040311545,0.33702958,-0.56333965,0.2763809,-0.14922608,0.6162939,-0.24238363,-0.086042285,-0.15657726,-0.36905074,-0.42053458,1.1438127,-0.22865815,-0.09669164,0.13003358,-0.08277354,-0.13553286,0.4337718,-0.03671611,0.14762077,-0.08640567,-0.1314112,-0.16394274,-0.03626184,-0.08968692,-0.0008408278,-0.25765437,0.3541393,-0.2593084,0.042727716,-0.13073827,0.082312524,0.38824642,-0.08518383,-0.023852125,-0.4747813,0.029657362,0.5126946,0.1304254,-0.26539448,0.055315137,-0.55535114,0.42550594,-0.009207219,-0.24866955,-0.13264543,0.22634351,0.37381122,0.18558116,-0.059370235,-0.22082597,0.13220297,-0.00082222,-0.17814381,-0.33488983,-0.108386196,-0.11434761,0.004606098,-0.15369546,0.1982901,0.15846868,-0.46109366,-0.4704139,-0.025319897,-0.05827208,-0.12201111,-0.1542956,0.37126285,0.15421024,-0.06344308,0.39892608,0.27729005,-0.5764147,-0.022296665,0.12642732,0.16238326,-0.041514266,-0.41131687,-0.0733771,0.09511053,0.10444337,-0.079595484,-0.042738438,-0.047002107,-0.16465972,-0.20672257,0.15471199,-0.19346502,-0.042822987,0.18960904,-0.30579582,-0.07088728,0.4691406,-0.34548283,-0.3610859,0.7760812,0.30787334,0.25852236,-0.49413717,0.39265475,0.017468944,-0.011558622,0.22212608,0.03926319
0.2181047,-0.25674284,0.29213953,0.4825284,-0.063112274,-0.3818149,0.44519797,-0.04192743,0.33818227,-0.32196173,0.05634179,0.38443998,0.13456324,-0.36737025,-0.18041763,0.3925414,-0.15116292,-0.71935767,0.123918205,0.11232521,0.32082623,-0.008313797,0.22925907,0.44156933,0.25396007,0.52550316,-0.6253857,0.31377172,-0.1731887,-0.275015,0.07534065,-0.37433735,-0.12834509,-0.53409,0.13882127,0.6669183,0.019057775,-0.68493134,-0.1394381,-0.03136827,0.14171198,-0.22751553,0.11776484,0.32903636,-0.30583948,-0.37263703,-0.22625996,-0.39683795,-0.07686186,0.034767598,0.32108164,0.4063734,0.5025011,0.030036248,-0.27157393,0.1642066,-0.7073037,-0.7195187,0.22109461,-0.2798323,0.13491464,0.22564158,0.13725446,0.2679011,0.52597773,-0.34858257,0.5355022,-0.28617206,0.05113201,-0.18304762,0.061251655,0.079205066,-0.2633941,-0.09244414,-0.21518598,0.020083763,-0.34033704,0.11993924,-0.11005051,0.023658775,0.24745211,0.16717637,0.1491707,0.4327104,-0.63139915,-0.04960218,0.31912285,0.27776325,0.13358128,-0.3662043,0.23274222,-0.15990059,-0.17123225,-0.3367532,0.5112525,0.19556254,-0.4877653,-0.12303597,-0.52886677,0.31207305,0.07409155,-0.33632788,-0.50778323,-0.13778464,-0.08310825,0.19634235,-0.012930654,-0.22149372,-0.51998824,-0.40118763,-0.02527687,-0.3675066,0.035633437,0.15307648,0.2203916,0.23284295,0.41836712,0.010811746,0.4355724,0.33324876,-0.042331874,-0.09000602,-0.012098655,0.51531756,-0.23606077,-0.17655921,0.052722327,-0.34533522
0.5772932,0.16870503,-0.20242907,-0.0068383366,0.00470037,0.04426396,-0.3037253,-0.27087417,-0.10989708,-0.07262448,-0.5504266,-0.12265187,0.03810416,0.55643094,0.36828014,0.03821317,-0.060943216,0.7459224,0.025449827,-0.08579667,0.5034855,0.20288661,0.41115794,-0.18153849,-0.29790047,0.09449063,0.048222393,-0.14612052,-0.25033838,-0.3065256,0.34187958,-0.34795249,-0.39438748,0.42343843,-0.20062825,0.80768883,-0.9938462,0.15417776,0.18670143,-0.39150017,-0.054083288,0.3836924,0.59363335,-0.013150558,0.21632999,0.3367052,-0.47098336,-0.17538199,0.28333214,0.21234259,-0.6609695,0.17435308,0.15106317,-0.009081051,-0.12423523,-0.17045397,-0.51500666,0.23031653,0.42584747,-0.38646257,-0.0792533,0.60049003,0.43124852,-0.41443893,0.6529496,0.1374532,0.088491604,0.5164329,-0.50752205,-0.015296888,-0.3488081,0.2852538,0.014520451,0.11668542,-0.044429228,-0.030429367,-0.24853429,0.040159672,0.28384256,-0.3483077,0.12802409,1.077851,0.5035002,-0.23530701,-0.14844964,0.22193936,-0.10519071,-0.48881096,0.16219929,-0.49681336,-0.4146674,-0.1393788,-0.11058645,0.2696823,0.42685258,0.08312694,0.07323219,0.4020208,-0.3408586,-0.6066058,-0.33994865,0.37590626,-0.23482776,0.5431845,0.4670027,-0.22596103,0.085714996,-0.20198703,0.06632997,-0.6693232,-0.102760695,-0.112504855,0.037887298,-0.042419888,0.5133067,0.061813295,-0.20259757,-0.062104814,-0.25049886,0.040876053,0.042880535,0.39966804,-0.14258948,0.3927752,-0.041075297,-0.59782344,-0.5531439,0.013146322
0.5433177,0.20282543,0.29736733,-0.17165132,0.45947996,-0.09249906,0.24641448,0.4352604,0.024221916,0.6735624,-0.6311021,0.26019976,0.7215126,-0.06834778,-0.062347237,-1.0048239,0.2843296,0.04006631,-0.44540006,-0.56495607,-0.5674434,-0.11682296,0.3655684,-0.041816518,-0.23969874,0.077788256,-0.20256297,-0.17401107,0.1442117,-0.23076676,-0.47129613,-0.37765947,-0.15199184,-0.15696965,-0.014897299,-0.028516196,0.036509283,0.29604748,-0.008206798,0.13547161,-0.6195503,-0.19173092,-0.096377105,-0.13764319,0.9432565,0.034620386,0.22042242,0.5022648,0.57900655,-0.42434537,0.81369936,0.38189617,0.1150064,-0.15559776,-0.58531463,-0.20084924,-0.31198788,-0.5902752,-0.5589949,-0.32375666,-0.17288117,-0.57363516,0.17714359,-0.06450423,0.3487562,0.8031269,0.19067705,-0.14362444,0.42793658,-0.08017627,0.3809298,-0.5105573,-0.20569846,-0.09826135,0.18318556,-0.11957866,0.06777962,0.32703525,0.15522169,0.036597617,0.6220794,0.047450025,0.1544182,0.20574743,0.5601495,0.09646559,-0.124895394,0.31718132,0.35402665,-0.16310684,-0.46572974,-0.83245194,0.026641443,0.4910192,0.13913363,1.016873,-0.0736876,0.1597228,0.46800983,-0.37085736,0.064563036,-0.3281765,-0.040486526,0.114394456,-0.24089462,-0.5084555,-0.58168733,0.035362326,0.36691722,0.05441048,-0.4430601,0.6061307,-0.28512797,-0.21388683,0.182677,0.08045548,-0.054540493,0.31867927,-0.51065344,0.015567071,-0.14109275,-0.5370029,-0.36030838,-0.5813014,-0.3811829,-0.44629872,0.5623537,-0.2485374
0.22084463,-0.21004435,-1.0818884,-0.2713099,0.23997918,0.5311208,-0.13684207,-0.26566717,-0.43800485,-0.7221019,-0.07586421,0.048331663,-0.59716487,0.4454266,-0.55307066,-0.51558506,-0.20280066,-0.23421417,0.17806815,0.027651303,-0.17200205,0.045444883,0.47982207,-0.03269313,-0.1217033,0.64181566,0.040574286,-0.36340743,0.020735333,0.08490978,0.7576119,-0.5902974,0.070577,0.21125008,0.23247248,0.39080665,-0.18911335,-0.032076027,-0.3215203,-0.5561561,0.34532878,-0.078340344,-0.28132036,-0.3815793,0.5860906,0.12904483,0.08364367,-0.20562701,0.24993028,0.4853551,0.18646637,-0.46663976,0.22318566,-0.30576673,0.10484994,-0.15545397,0.30614096,0.52459234,0.02417852,0.6938184,-0.13087603,0.7100605,0.018053563,0.36566737,0.97218376,-0.16441388,-0.05041331,0.19215117,0.033191,0.60599697,0.23236671,-0.09176862,0.26920816,-0.2894672,-0.20545727,-0.31069103,-0.20625086,0.02195783,-0.038667575,-0.09760857,0.5026034,0.5084371,0.089824215,-0.13475266,-0.38786906,-0.36004242,-0.5210015,0.05120667,-0.6556702,0.012508884,-0.10824057,0.0975619,-0.20806903,0.19184032,0.58829194,0.020272762,0.38453048,0.16568734,0.078988805,-0.47404835,-0.043916978,0.056731604,-0.21767925,0.40490332,0.24765755,-0.2293387,0.28861433,0.3226787,0.5030817,0.29956213,0.13560028,-0.25831088,-0.42193305,0.36387008,0.10376139,0.13341555,0.7857539,0.06979007,-0.38509753,-0.7516401,-0.1287915,1.1005259,-0.055704072,0.7428273,0.3291756,-0.41475737,0.45256162,0.034188338
-0.116891816,-0.5120849,0.4731331,-0.17280659,-0.12984176,0.29946116,-0.15640903,-0.15549426,-0.08534454,-0.30482003,-0.1817199,0.21621153,0.17130023,-0.41580504,-0.1641258,-0.15222126,-0.32897687,0.00076986104,-0.0027329326,-0.39901266,-0.5998207,0.0006927643,-0.10396919,0.30857226,0.43517688,0.5443452,-0.045277085,-0.18021898,-0.23478627,0.078228906,0.6489729,-0.43653423,-0.086271815,0.42910925,0.25257695,-0.40954027,-0.005216405,0.21399783,-0.22557467,0.051122434,-0.16808769,-0.18807739,0.47059336,-0.5441917,0.35736144,0.32154033,0.05198709,0.19568022,0.15854697,0.2750978,-0.58859426,-0.30339932,-0.23515807,0.19796613,-0.06795929,-0.086707234,-0.058765184,-0.76289856,-0.44784743,-0.028649881,-0.53066176,1.1753285,0.132644,0.1463771,0.4381181,0.04078935,-0.66494536,0.052483916,0.053946234,0.0033388138,0.022165,-0.030027471,-0.7597611,0.1265908,0.10021721,0.04499452,-0.011100803,-0.6879314,-0.035145216,0.12506273,0.06330584,0.20002435,-0.13083479,-0.20754921,-0.79199845,0.22039649,0.024717424,0.38632116,-0.0073212385,-0.31982377,-0.24582815,-0.11620275,-0.24482012,0.11627539,-0.32643387,0.21363156,0.1276016,-0.12278854,0.19778535,-0.81992936,0.49535808,-0.07183165,-0.44402254,0.33717215,-0.015816793,0.29783833,0.14816134,-0.38158008,0.5099838,-0.21945189,-0.20864575,-0.15553357,-0.1543665,0.4287919,-0.61121637,0.50828767,-0.33054215,0.2574533,-0.0635039,-0.5607816,0.13720113,0.43332046,0.07689652,-0.48165375,-0.10078645,0.3522388,0.5690682,0.0050399955
0.4177027,-0.13310277,-0.16960008,0.47370532,-0.48319644,0.24569488,-0.3544158,-0.39362076,0.19838308,0.13913427,-0.28529266,0.14930175,0.37282684,0.8545366,-0.5489155,-0.28649086,-0.21170229,0.210286,0.28208733,-0.3502103,-0.57192147,0.06411755,0.56765735,0.15763065,0.22041807,-0.15340935,-0.50359,-0.36082226,0.4141196,0.04663545,0.12545958,0.06633173,0.113751344,0.08533816,0.49970943,-0.3911854,-0.27620703,-0.26664376,-0.74245286,-0.55403924,-0.19721112,0.62117946,-0.37880313,-0.43998843,-0.1782848,-0.53841895,0.16405083,-0.6954254,-0.7707529,0.03698267,0.24764206,0.43169552,0.09208675,0.5241759,0.23307875,0.0763321,-0.81803393,-0.8105069,0.025845557,0.6256797,-0.05587847,0.9968179,0.59096164,0.25956896,-0.02325692,0.21872352,-0.111197144,0.43788087,-0.16746846,-0.52251786,0.65151596,-0.52821285,0.006367825,-0.3406899,0.35981038,-0.16887273,0.3481435,-0.009157538,0.58613545,0.16804624,-0.14160147,-0.42033076,0.26366657,-0.049406156,0.11043623,0.39984924,0.6382538,0.29858187,0.4921023,-0.49141034,-0.07602373,-0.40427497,0.80060655,0.3767636,-0.15994294,-0.23492822,0.08418444,0.58359736,0.48581403,-0.12595798,1.2614796,-0.30459687,-0.49994004,-0.4522587,0.03231719,-0.04107973,0.8794694,-0.042978242,0.022726908,-0.27202544,0.5462126,0.3531927,0.11979851,0.2786705,0.21065727,0.28842643,-0.18487324,-0.23959275,0.27708763,0.14165494,0.5699368,0.15215237,0.6319814,-0.02216652,0.38523477,-0.06339365,0.6173755,0.20753945
0.061159387,-0.16918276,-0.32575345,-0.040586792,-0.7117725,0.654457,0.5465957,-0.45830962,-0.16419305,0.4440011,0.79532844,0.3454314,0.19292454,-0.41245493,0.42672357,-0.03524729,-0.46021968,0.060835607,-0.0188207,-0.29002333,-0.51431686,0.12626056,-0.40915102,0.19368878,0.4165592,0.49031642,0.70944047,0.019646853,0.057329625,-0.31919372,0.33269313,0.5898245,-0.2655224,0.2897504,-0.2546672,-0.2817011,-0.22472951,-0.34563717,-0.10194192,0.15127896,0.24210316,-0.12969536,-0.56656843,-0.18447158,-0.20886639,-0.031158041,-0.3443566,-0.19574335,0.4098893,0.17151995,-0.4128908,0.24920551,0.17269276,-0.9659278,-0.12499243,0.29106218,0.40094906,-0.40776435,0.3696522,0.68779665,0.2833493,0.28810996,0.18742934,-0.5745778,0.11745283,0.079972416,-0.12042837,-0.6406576,0.28132194,0.23503515,-0.24621224,-0.009752277,0.16177061,-0.4834304,0.38374668,-0.87300956,-0.4328317,0.020243049,-0.14468485,0.09993764,-0.05084479,-0.17057225,-0.59027636,0.43003625,-0.30318213,0.28212738,-0.6330546,-0.49430275,0.114076376,0.0061336085,0.32348886,0.41169667,0.47857058,-0.04860384,0.17877594,-0.064556584,-0.7090001,0.084575534,-0.017502442,0.7929806,0.48718166,-0.011127448,-0.014415175,-0.2371472,0.5006167,0.07516122,-0.11844064,0.12961069,-0.35972905,0.011810057,-0.16188654,-0.6973242,-0.12088435,-0.0385689,0.39144027,-0.18179439,0.12848935,-0.28460717,-0.043879677,0.05943562,0.20810452,-0.22875646,0.27421078,0.18825594,0.28283942,-0.44890046,-0.21402681,-0.100799814
-0.1368107,-0.12939398,0.053335253,-0.41334733,-0.5569909,0.2791201,-0.47673455,-0.19356914,0.12108017,0.15679426,0.048555918,0.12754032,0.23894052,0.1579167,-0.42684898,0.08968902,0.03750974,0.32550484,0.41163307,-0.30279592,0.12938406,-0.11539523,0.25963926,-0.08393657,-0.16672437,-0.09741908,0.4245819,-0.5888255,0.04467946,0.104886994,0.32022718,0.32279634,-0.23569702,0.16643016,0.24818708,-0.48440605,-0.42068535,-0.19467622,-0.15910795,0.0128956735,-0.28865007,0.29390675,0.017890861,0.25383675,0.044159614,0.18643095,-0.13098581,0.001984966,0.11030187,-0.45746496,0.13792434,-0.63844836,-0.08778081,0.062196814,0.05103705,0.023601696,0.13135609,0.0015127063,0.19596165,0.17243388,0.30583727,-0.36022627,-0.042433053,0.4041491,-0.266519,0.3881958,0.193299,-0.25771362,-0.42150325,-0.0009999648,0.033005312,0.31254494,-0.064395174,-0.17194143,-0.35330892,0.1264717,0.041705452,-0.28009745,-0.052634392,-0.04798526,0.3928358,0.66915405,-0.10492472,0.13072711,-0.34115365,0.15259895,0.25958383,-0.40694052,0.12003374,-0.15312947,-0.011903528,-0.12515515,0.27870664,0.10670428,-0.14723176,-0.0916346,0.21611398,0.19367704,0.124873556,0.6361835,0.39929962,0.14023782,0.39245683,0.0916904,-0.042779945,-0.26038337,0.09728654,-0.015113413,-0.06939398,-0.038239166,0.13727888,0.17121334,-0.2851678,0.4074572,0.24759464,-0.43088233,-0.025719026,-0.07924481,-0.111040495,0.04049872,-0.0022071153,0.5776911,0.48914382,0.061649054,-0.051563233,-0.10173038,0.017444996,-0.50708574
0.49711412,0.19336626,-0.5308163,-0.2884458,-0.10513892,0.26182815,-0.2664025,-0.007581353,0.005758904,-0.151499,0.012288183,0.25380987,-0.64313436,0.4211678,0.36925578,-0.4416366,-0.102102086,-0.72480625,0.1607571,0.46729583,-0.34521693,-0.3241724,0.051144198,-0.29178044,0.13323906,0.7902436,0.42441013,-0.095861174,0.6645075,-0.39002788,0.23826677,0.56112796,0.15272725,-0.29087478,0.16993994,0.038224638,0.0050788075,-0.14441665,0.37615094,-0.016309828,-0.6089518,0.23053202,0.38909125,-0.44073668,-0.12472022,0.01987185,-0.2774744,-0.37415946,0.078462906,0.25757733,0.100353,0.31350565,0.60043883,0.20815998,0.2690122,-0.15115103,0.106709406,0.13817799,0.14233762,0.22842517,-0.27809268,-0.22141999,0.017770544,0.017200857,-0.47325647,-0.00077066943,0.39004734,-0.6060939,-0.17744192,-0.3809552,0.30200097,-0.7172049,-0.5186281,-0.3093437,-0.58032113,-0.012305697,0.09094298,0.11186597,0.1019911,0.28564146,-0.17457478,0.41743964,0.18006073,0.34040856,0.60517526,0.14785205,-0.09913559,-0.0846393,0.19938876,-0.14840794,-0.09883205,0.24898049,-0.10803618,-0.34637502,0.3534177,-0.08006014,0.055891514,-0.23807342,-0.244252,0.47200665,0.048703253,0.09380668,0.19422056,-0.24343944,-0.27345127,0.2893707,0.5623723,-0.062832505,0.1513257,0.124074616,0.1789651,-0.36632013,-0.38614088,0.8957362,0.022605374,-0.18748525,0.16946015,-0.4543128,-0.23005897,0.17560133,0.054528862,-0.4283992,0.22656395,0.09763417,-0.56093955,0.30885565,0.19137678,0.27066526
0.28795618,0.26844156,-0.12997742,0.1574451,0.17151757,-0.4551006,0.22456497,0.36332303,-0.011431031,-0.5036325,0.7619896,0.17626047,0.056466624,-0.12958255,0.06522677,-0.6037663,0.19402684,-0.33084708,0.42939463,0.11003238,-0.05749374,-0.23482986,0.3261764,-0.48810643,-0.11346021,0.20054722,-0.07871291,0.06965765,0.14552005,0.6839388,-0.17402892,-0.32112822,0.6398863,-0.12653396,0.5373021,0.15284888,-0.351753,-0.25584096,-0.012066841,-0.2043077,0.6248574,0.17001958,0.15248719,0.14069429,-0.028702248,0.1275451,0.009928292,-0.07508489,-0.12162458,0.10696655,0.60344726,-0.38812232,-0.08961247,-0.4394315,-0.45950878,0.21526174,0.38804317,-0.58965576,-0.30743042,0.48249772,0.18714957,-0.96377116,0.24269366,-0.38025126,-0.37579802,-0.41681612,-0.06860526,0.2760868,0.29502818,0.051962122,-0.04353085,0.4663485,-0.10660343,0.21418042,-0.06530154,-0.03145902,-0.63656485,0.07803522,0.3734876,-0.042348966,0.39486343,0.24544212,0.12512243,0.24663039,0.04130874,-0.20661867,0.3436998,0.43305153,-0.36309975,-0.22616047,0.026348189,0.3817154,0.16448364,0.082442336,-0.54508024,0.419648,-0.015882745,0.40549818,0.45162424,0.13784657,0.45509785,0.07459848,0.65392643,0.49192947,0.2660257,-0.38356707,0.059360437,0.11671576,0.4233731,-0.042650584,-0.5718198,-0.6094691,0.3051752,0.0016135275,0.3309865,0.6465797,0.34541327,-0.09472087,0.15166622,0.5538649,-0.26907602,-0.016715348,0.29714483,-0.18929978,0.06790758,0.015112877,-0.1745154,0.045029007
0.14138797,0.048082765,-0.16249868,-0.3620511,-0.1324012,0.14219776,0.0046649873,0.20783448,0.047577076,-0.034215786,0.08839137,0.15201941,0.07200145,-0.15260494,-0.2381044,-0.022566304,0.41410303,0.35391602,-0.16104324,-0.22390449,0.42413867,-0.23566249,0.014878288,-0.1690528,0.22522968,0.32932314,0.1109361,0.13763298,0.29145622,-0.13767225,0.3424944,-0.5714901,0.17632768,-0.12999116,-0.051327057,0.41276217,-0.16569118,0.13630317,-0.35989603,0.2495879,0.22984925,0.5103642,-0.18393435,0.079094,0.13595048,0.19459882,0.14947183,0.04404753,0.10819566,0.18177712,-0.009326042,-0.106799364,-0.34689498,0.3076383,-0.014172383,-0.12772477,-0.14666368,-0.12946436,-0.1469421,0.27558807,-0.59112275,-1.2452431,0.21292742,0.013618838,-0.006896153,-0.029769696,0.13493745,0.31536418,0.07685927,-0.08690651,0.09376407,-0.20166874,-0.19179548,0.3417515,-0.3465055,0.041435733,0.036662742,0.25517792,0.11356774,0.2513613,0.13004752,0.20708795,0.1623407,0.013579227,0.27690864,0.070537515,-0.06703583,0.11083233,-0.01741755,-0.21253718,0.09022328,-0.02753234,0.16327329,-0.05401486,-0.04350868,0.33256385,-0.15945643,0.17917518,-0.032435287,0.16698453,0.042354584,-0.11336111,0.49049413,0.6640105,0.33228174,-0.0097844,0.07262865,-0.29046625,0.21894333,-0.10767412,-0.37024212,-0.2230295,0.3039478,0.05739866,-0.02519247,-0.024301603,0.2187973,-0.07472268,0.20362711,0.35629195,-0.116897754,-0.23932666,0.11863558,0.11548114,-0.17934422,0.4655945,0.20993078,0.1357159
0.242578,-0.17957954,0.1092805,-0.40652478,0.042382658,-0.8919784,-0.34496248,0.20949067,-0.4124241,0.27300772,0.2239246,-0.35418236,0.25737375,-0.28812337,-0.06569013,0.5711873,-0.06507961,-0.34829843,0.42244264,0.2745961,0.23611431,0.38020992,0.5607,0.23357499,-0.26285163,-0.63360834,-0.548592,0.58772445,0.27824217,-0.21105522,0.26284933,-0.028936893,0.07317115,-0.009043116,0.016926002,-0.2403897,-0.42126554,-0.089844786,-0.012597788,-0.14107175,-0.044479705,0.88425785,-0.49180713,0.39490396,0.14081693,0.10766686,-0.07275158,0.97229,0.020897156,0.82664406,-0.2354088,0.17108932,-0.9491548,0.50398105,-0.3451125,0.16071045,0.52393186,0.51891553,-0.3813393,0.6748196,-0.07340876,-0.8594409,0.10087139,0.46557167,0.3076775,-0.3973551,0.1919394,-0.046552457,-0.16691825,-0.15676974,0.2136622,0.38768452,0.2975756,0.24341807,0.9186358,0.08913844,-0.21038161,-0.11422706,0.79477936,-0.10114285,-0.25725216,0.35956812,-0.070671305,0.13461176,0.92356473,-0.36381823,-0.2733779,-0.19100516,-0.35649538,0.92451847,0.3215631,-0.35527027,-0.27924967,-0.72050095,0.547936,0.589278,0.646774,0.5533142,-0.5746419,-0.06297013,1.3150944,0.06466878,-0.394921,0.5839641,-0.48301077,-0.39485908,1.4059339,-0.18593022,-1.1227378,1.0541136,0.14899263,0.33459347,-0.09870425,0.6373964,0.41352573,0.20115978,-0.614907,0.2282847,0.45433524,-0.85710037,0.02861084,-0.0831587,-0.18665102,0.04345481,-0.20220229,0.31006497,0.7950063,0.48675603
-0.14231743,-0.030156069,-0.0561153,0.0066915154,-0.6876956,-0.3076156,-0.1146129,-0.31836823,0.6448444,-0.09469411,-0.22191432,-0.3194816,0.7003021,-0.22117078,0.108806305,0.03479901,-0.019464098,0.040311024,0.614404,0.28022644,-0.30567306,-0.37859496,0.15062201,-0.088101946,0.14867203,0.86310476,-0.25858054,0.25436193,0.30041695,-0.16903749,0.4087043,0.00045838952,-0.37253147,0.19798806,-0.2037049,0.43916875,-0.44440174,-0.123022825,0.11621061,-0.043844305,0.13922444,0.2147156,0.4711219,0.19496441,0.2167914,-0.14832333,0.21707612,0.124237284,-0.008288018,0.15517017,0.2900855,-0.029076278,0.045767333,-0.033455946,0.26254076,0.009965502,-0.1765319,-0.1405612,-0.021306932,0.028168269,-0.3341202,-1.5394149,-0.015142728,-0.3829522,0.90764666,0.45707923,0.060533553,0.23649663,-0.17037529,-0.12683088,-0.31605804,-0.12190467,0.34317383,0.13797385,-0.1785981,0.13667862,-0.028711356,0.5022233,0.025395641,-0.58015853,-0.17206123,-0.07313214,-0.19249114,-0.18074128,0.27813765,-0.5887631,-0.21708682,0.0929657,-0.011872679,0.074945465,0.15796116,-0.14158249,0.10833167,0.048430573,0.20253843,0.41676217,-0.36101785,0.42418352,0.059851654,-0.44166517,0.2006091,-0.32578167,0.6861661,0.427233,0.4153756,-0.27849352,0.20750114,-0.37726414,0.57172996,0.17321768,-0.15511079,-0.12654601,0.11414112,-0.3414649,-0.08301424,0.027241878,0.07405161,-0.3767307,-0.051511314,0.76931363,0.116379656,0.51056933,0.13169566,-0.62178326,-0.31846893,-0.1664572,0.56573236,0.46360034
-0.12165182,-0.27226767,0.077415794,-0.011901543,-0.6049891,-0.07823868,-0.18251273,0.09487437,-0.14770389,-0.32084092,0.33093444,0.018502207,0.09161866,-0.36088067,-0.25635856,-0.15484977,0.45895475,0.47957435,0.024173692,-0.2832627,-0.46467385,0.0069297394,-0.11790931,0.16932835,0.24480098,0.0005452577,-0.09348728,0.27910414,0.45116353,0.13277607,0.06234185,0.24817398,-0.09307316,0.2825243,-0.04715233,0.26439226,-0.043451034,0.11219616,0.302931,0.27118316,-0.2650348,0.3994314,0.17359594,0.13432775,0.13949691,0.2747479,-0.28861815,-0.30475003,0.15794864,0.3036751,0.20731482,0.3412267,0.011076748,0.19785051,-0.19524196,-0.2557958,0.1997308,-0.19030942,-0.048262224,-0.28824982,-0.49544007,-0.97559786,-0.21907412,-0.08612152,0.43740785,0.118060246,0.31316808,0.0506834,-0.45994028,-0.07698624,0.101670414,-0.012500653,0.02946274,0.46858603,-0.056024835,0.084489316,0.19358271,-0.078981295,0.008805539,-0.28619134,-0.06975272,-0.12512808,-0.19276914,0.006037526,0.15658791,-0.12958333,0.1519481,0.13182133,0.42863402,0.19310029,-0.1801447,-0.18798772,0.12034199,0.005323115,-0.21230799,0.14943174,-0.3923775,0.0794404,-0.3298909,-1.0637858,-0.22139794,0.013016932,0.2209937,0.028749747,-0.039872065,0.05325499,0.086199634,0.18180491,0.015143767,0.34487063,-0.26392275,-0.021763757,0.07901259,-0.13797751,0.11385918,-0.0035914332,0.46600533,-0.3092195,-0.11397107,0.19853595,0.32154992,0.52306837,0.06001202,-0.029403865,-0.07007707,0.073114984,0.10949687,-0.27328983
0.21573317,0.19152048,0.49955478,0.29179054,-0.06794901,0.14219698,0.1269121,-0.109884664,0.064877585,0.08898694,-0.17590512,-0.00019748136,-0.14737082,-0.14564939,0.031283528,0.15458292,-0.09011568,0.063250765,0.1978226,-0.14933151,-0.2014193,-0.16567604,-0.18271978,0.28616923,-0.31358248,0.08796275,0.11866973,0.3651064,-0.19977964,-0.12197083,-0.47064662,0.18222047,0.17352282,-0.2496612,0.010337792,0.33175877,-0.21435127,-0.23300967,-0.32183495,-0.29106405,-0.11915363,-0.16076593,0.3320241,0.15591279,-0.14341938,0.194123,-0.69057643,0.11330651,-0.3395719,-0.1387582,-0.6564854,0.063667074,0.024859399,0.05813504,0.05436173,-0.23746121,0.031231798,0.44822365,0.3058744,0.056452624,-0.081990235,0.5509186,0.15353352,0.42414808,0.14000857,-0.1611751,0.09716731,-0.33479285,0.1961494,0.18665707,0.45108283,-0.33592397,-0.18032348,-0.1026424,-0.34003663,-0.19003919,-0.1956047,0.09302277,-0.2027622,-0.14622107,-0.021437008,-0.5425178,-0.27811515,-0.16997448,0.3388512,0.28326634,0.10909356,0.17931327,0.47623855,0.07622178,0.057759546,-0.36186805,-0.4015312,0.39325267,-0.22477046,0.36240482,-0.51530564,0.19042102,-0.15096027,0.375414,0.15040848,-0.12324309,0.30318078,-0.15041171,-0.042801477,0.31448087,-0.40707442,-0.047281586,0.16660362,0.1390614,-0.21646969,-0.22086412,-0.14905007,-0.09095244,0.21492714,-0.46434075,0.46759552,0.07956478,0.66069424,0.40068972,0.39263946,-0.12426558,0.28220996,0.69217145,0.31866926,0.08540733,0.50574166,0.19087794
-0.115332134,-0.45010385,-0.0004060492,0.8851088,0.38237327,-0.03733343,-0.05285336,0.24768206,0.17070413,-0.567189,0.5016899,-0.018841416,0.22409108,0.023436993,-0.27045363,0.061909176,-0.021683179,0.29927546,0.14071806,0.12856373,0.28196514,0.10596037,0.21535662,0.05949813,0.23061204,-0.081571616,0.12838162,0.1662969,-0.15590946,0.45324063,-0.078772955,0.7335161,0.36909175,-0.10159447,-0.36248827,0.06873943,-0.2097938,-0.29185933,0.056240026,0.42461467,-0.21027163,-0.09702525,0.27438572,-0.030723654,0.09710439,-0.23543938,-0.0030039847,-0.0840687,-0.033000074,-0.3168726,0.1759162,0.11129521,0.2544939,0.2741511,0.18126759,-0.13059752,0.014688291,0.63401127,-0.09480351,-0.12581097,0.0024498105,-0.22562522,0.3384756,-0.12113115,0.33831874,0.20935819,0.036110707,-0.21075979,-0.048478007,-0.2839203,0.3264581,0.1965242,-0.04870093,0.095885634,-0.7160065,0.2688673,0.1871221,0.04050328,-0.15885341,0.081255,-0.20309538,-0.02307672,-0.09393283,-0.3299173,0.04993196,0.31770918,-0.23431858,0.34935147,-0.18311499,-0.028349526,0.3358206,0.34156254,-0.27262685,0.289376,0.15380916,0.2383692,-0.6424809,0.34375596,0.34435266,0.21612275,0.40879136,0.23021539,-0.43631694,0.48824665,0.0333293,0.053406484,0.0146582015,0.17133798,0.2360325,0.508969,0.19132936,0.09830031,-0.564269,0.017745428,0.10238618,0.122849256,-0.04912384,-0.13364118,-0.04334171,0.36805302,0.09062354,0.036166053,0.13996288,0.18105634,0.21437936,0.07110397,0.24040551,-0.077446386
0.09865128,0.5117156,0.31009492,0.27444053,0.025720447,-0.41871303,-0.3038865,0.019036636,-0.6513388,-0.3093241,0.03572449,0.0008408958,-0.0024649445,0.17101501,-0.6458809,-0.9352615,0.42952168,0.28942877,0.38455474,-0.060054876,0.14001983,-0.18649557,0.48453876,0.1531395,-0.7868803,0.31300625,0.26634383,-0.13201362,-0.36483938,-0.15664896,0.54541415,-0.5184093,0.22259918,-0.46170533,0.16057876,-0.281051,-0.29721186,0.29647666,0.43207902,-0.24924321,-0.19188546,-0.085512705,0.10067044,-0.35835204,-0.11794534,-0.20155029,0.2914606,0.436379,0.06112366,0.7420168,-0.47257805,0.6772013,0.113955885,0.19283107,-0.019608922,0.3918818,0.1605395,0.30090883,0.75736207,-0.42806992,0.07278316,0.5735744,0.43646362,0.41393757,0.38961184,0.31834257,-0.38899747,0.16027014,-0.24470246,0.52091175,-0.32674316,0.2334562,-0.14669596,0.60097873,0.19261907,-0.64499307,0.04587353,0.014124587,-0.57988024,0.22321796,-0.12310836,-0.29879418,-0.014860503,0.44723606,0.16029525,0.62683886,0.8107739,0.23746735,-0.28524697,0.07836072,0.34965867,-0.04895501,-0.14770672,0.036150396,0.112474866,0.0046651363,-0.78090096,0.31178075,0.43132037,0.5099992,0.36856523,-0.024908192,-0.64710474,0.112042345,-0.15097457,0.7005305,-0.047778964,-0.15483291,0.051291138,-0.1295307,-0.18861999,-0.002140984,0.08812769,-0.58618647,-0.069722764,0.25015336,0.46121573,-0.4118276,-0.52921295,0.42101777,-0.007109776,0.30291748,-0.21756142,-0.57748884,0.2152397,-0.22219396,0.10119864,-0.045136444
-0.23019254,0.17350228,-0.1329504,-0.53888685,1.1743369,0.26917922,-0.07083983,-0.19024363,0.039129764,0.34232464,0.31977934,0.25076184,0.1651866,0.17546979,-0.24414739,-0.23145314,-0.0077926666,0.08400314,-0.11878392,0.3182648,0.28541982,-0.06174694,-0.20018555,-0.259405,0.057963192,-0.16398151,-0.181721,-0.15053311,-0.22337078,0.28908315,-0.06221389,0.15887453,0.11807561,0.105911195,0.086489856,0.33504206,-0.011235025,-0.260004,0.4260644,0.31624502,-0.0054193647,0.42865813,-0.03315881,-0.03887956,0.17470856,-0.2065801,-0.20709127,0.2227985,-0.040519096,0.07623777,0.11915111,-0.027993748,-0.23912239,-0.2323942,-0.60299236,-0.042015336,-0.07463604,0.32250524,-0.18664843,-0.15177326,0.05907592,-0.4209922,-0.064134955,-0.1181321,-0.35854518,-0.2980125,0.079872355,0.041351326,-0.020912845,0.28164697,0.26103598,0.35938582,-0.036374733,-0.14994504,0.42603323,0.06549003,-0.020901833,0.39644933,0.09670527,-0.06666174,0.13224906,0.2023745,0.18351036,0.26342234,0.3416623,0.2556513,-0.27994847,0.083197795,0.1521255,0.13259009,0.09746142,0.003741566,-0.100504085,-0.2276775,0.26656643,-0.09443166,0.0459895,0.13031474,-0.015405348,-0.19493413,-0.048893463,0.029972428,0.015185918,-0.009566523,0.13835925,-0.20856957,-0.055361744,0.29195485,-0.11530541,0.05846896,0.0983018,0.24007732,-0.09311445,-0.17571373,0.10773021,-0.0063569173,-0.20551834,-0.06874019,0.18486996,-0.17945126,-0.04877629,-0.53189063,0.050942596,-0.30918196,0.40078104,-0.15601078,0.011444457,0.19136238
-0.20893195,-0.09753984,0.01877673,-0.3143522,1.0520446,0.318095,-0.25539023,0.20888382,-0.11731888,0.30532414,-0.0020222366,0.20901068,0.034825794,-0.06291629,0.014873117,-0.2903482,0.10915033,0.61204916,0.05978251,-0.22120926,-0.057188593,-0.06424892,-0.061273247,0.2045078,0.0953942,0.01756221,0.01957304,-0.23047186,0.03747784,0.028644033,0.33354208,0.45451802,0.22364321,0.60689735,0.09271193,0.03173709,-0.14393413,0.17178264,-0.22297634,0.1107546,0.0059707686,-0.08472764,-0.08317797,-0.11891709,0.38271323,0.16473976,-0.113927074,-0.12674618,-0.07508777,-0.010318603,0.3603835,0.21628684,-0.31923163,0.28274012,-0.4118967,-0.18270434,-0.19071111,0.37629116,-0.107280225,-0.016989723,-0.27971473,-0.35349667,0.18616286,-0.07144846,-0.13206711,0.16628748,0.16960426,0.13675782,-0.118738666,0.09726341,-0.101979285,0.46206352,0.12984207,0.036327116,-0.15072127,-0.28224465,-0.13763198,0.32100248,0.26373684,-0.41998497,-0.20157215,-0.45181948,0.1724082,0.18584411,-0.04653153,-0.1309171,-0.22669058,0.39262563,-0.02187267,0.102920614,-0.2575369,0.032777034,0.1133315,0.19686212,-0.3236416,-0.28276676,0.25280958,0.028455053,-0.49548188,-0.18291418,-0.25295484,0.010232706,0.27843252,-0.45344388,-0.07465331,-0.11805715,0.07918397,-0.17384686,0.39754602,0.05101763,-0.05109153,0.30326515,0.18954049,-0.18835358,0.22190873,0.17030731,-0.06231899,0.033362523,0.32749167,-0.13084002,-0.022708766,-0.32756147,-0.11224886,-0.49648696,0.45782366,-0.2345211,-0.32923332,-0.26497722
0.2200436,0.024040183,0.11611332,-0.6238578,0.69989425,0.311561,-0.25642928,0.07278645,0.12310529,0.28593296,-0.2673609,0.26620933,0.04587856,-0.0020017773,-0.26928928,0.41583243,-0.43462634,-0.35620943,0.1947493,-0.38150287,-0.20257851,0.016361248,0.34153503,-0.039398022,0.059076052,0.0051158667,-0.2497281,-0.09727695,0.01268024,-0.28004608,0.48915836,-0.14589658,0.4731491,0.54436255,-0.05770915,0.18992257,-0.23991343,0.658434,0.27540118,0.06590113,-0.11821441,0.15068758,-0.202325,0.090713255,-0.1636412,0.029164921,0.023577496,0.11871137,0.0899658,0.15269397,0.046760224,-0.17499264,-0.29788774,0.5698385,0.19413164,-0.25603524,0.10433997,0.5059656,-0.41296864,-0.3256889,-0.2669063,-0.24910223,0.4003016,-0.029208183,-0.2269538,0.020743836,-0.28612784,0.023910515,-0.18267685,0.25873658,-0.13142174,-0.087041095,-0.66344184,-0.14898604,0.20465729,-0.058474347,0.1446386,0.4418896,0.33779514,-0.25382978,0.09267143,0.06205176,-0.43050787,0.34557718,0.4796626,0.0437876,0.07879083,0.07270858,0.10233418,0.094377816,-0.72185534,0.43288773,0.048841625,-0.022360755,-0.41191125,-0.11773875,0.3869484,0.08805494,-0.3385085,-0.11874176,-0.01390762,-0.14281122,0.2849914,-0.12701297,-0.20613922,0.32511285,-0.35211244,-0.18645748,-0.59629565,0.0021533594,-0.15044712,0.27970842,-0.5770123,-0.5492622,-0.31878865,-0.26614192,0.068969935,0.18886817,0.18071347,-0.21297705,0.11385061,-0.4332385,0.14942203,-0.30237114,0.35207927,-0.29640406,-0.41638073,-0.122097865
-0.10065452,0.18794316,0.29293728,-0.60541147,0.8166207,0.3636733,0.07362698,0.067314714,-0.1876044,0.21321672,0.4379395,0.4621991,0.582414,0.26304647,0.015884586,-0.22008918,0.02167137,-0.094649546,-0.06608282,0.09696975,0.25654495,0.11133987,0.039679743,0.009125128,0.46469003,-0.55766284,0.11289929,-0.30584168,-0.33541492,-0.30729094,0.13112462,-0.28431988,0.14480618,0.6046675,0.0013608485,-0.25134128,-0.18507075,0.20360306,-0.5263267,0.2852447,-0.027745094,0.26146197,-0.09143007,0.07493483,-0.1298194,-0.068444304,-0.28837734,-0.0073606037,-0.35592613,-0.15689328,-0.29136124,0.036350265,0.02597808,-0.27235654,0.13275024,-0.3928995,-0.07453409,-0.19643074,-0.32451874,0.18729837,-0.12349116,0.06612219,-0.018264256,0.051108845,-0.40509912,0.1533768,-0.27236864,-0.3148755,-0.16185436,0.6039554,-0.41304013,-0.14597523,0.06899752,-0.2416299,-0.10256782,-0.30127412,0.13530512,0.41123053,-0.20970416,-0.21303384,0.014784381,-0.38018954,0.22884779,0.1506142,0.435015,-0.40094683,-0.18665172,0.11817497,-0.15841568,-0.09012815,-0.15734568,-0.07039105,-0.107092164,-0.276036,-0.5857589,0.18419059,-0.08582941,0.23892337,-0.16928808,-0.09434438,0.12391923,0.06070755,-0.02688089,-0.22071403,-0.064184815,-0.27525556,-0.15264124,0.08357453,-0.03166987,0.08786987,0.01806458,-0.030348426,-0.2695597,-0.20782396,0.050601155,-0.2328099,-0.44695312,-0.064716354,-0.07229638,0.05433117,0.3280753,-0.47438723,0.004796708,-0.35488877,0.22744264,-0.29916036,-0.3646629,0.12618135
-0.15379284,0.031606764,0.10326545,-0.40084037,0.6998246,0.39844733,0.36859062,-0.08351736,-0.4660484,-0.34570888,-0.047814947,0.13179553,0.28500158,0.2542705,0.07337137,0.34466162,-0.016037479,0.2941489,-0.21074554,0.31715786,0.4445547,0.092993185,0.49557814,0.14741883,0.65664893,0.29940832,-0.094927624,-0.21323326,0.38173705,-0.17060201,0.2534767,-0.078920506,0.6698859,0.25984484,0.022171939,0.5197695,0.1458749,-0.038223933,-0.27522373,0.007273495,0.16384009,0.17683849,-0.17699224,-0.21186665,0.057157986,0.020246208,0.30780697,0.14626794,0.3231361,0.6890453,0.25898173,-0.017609283,-0.30133885,0.464375,-0.53911376,0.038941383,-0.1287117,-0.0050772876,-0.068134874,-0.07235131,-0.059765197,-0.036266983,0.11581614,-0.052188396,0.015966434,0.39801592,0.37033162,-0.034482777,-0.5183478,-0.52337927,-0.24089158,-0.13623741,-0.1440408,0.1497684,-0.010915086,0.3240961,-0.51791316,-0.045993835,0.036829166,0.22568661,0.34528968,-0.2793897,0.050297022,0.006325878,0.275149,0.025078718,-0.039578598,0.04164146,0.16330118,0.0071681775,-0.17632271,0.15873595,0.4485512,-0.42150196,0.02764228,0.41824636,0.54087776,0.20439401,0.09658038,-0.089932784,0.10610902,0.23695555,-0.3458685,0.24038044,-0.22311413,0.10194832,-0.40845138,0.63261676,-0.046586223,-0.042033173,-0.11547315,-0.24194215,0.10292262,-0.015820663,-0.16820948,0.18666175,-0.28982303,-0.0980258,-0.44870332,0.021150284,-0.1104036,-0.6223458,0.08406248,-0.6482573,0.5767386,-0.20753872,0.03889641,-0.20298457
0.24577716,0.48088792,-0.15771288,-0.48045772,0.34604087,0.28254658,0.043518327,-0.15580948,0.10842745,0.5000496,0.060415875,0.030884583,0.12353,-0.085558705,0.35834646,-0.07623561,0.23458147,-0.025553055,0.17715693,0.16169909,-0.30910385,0.23468512,0.019743875,0.13108164,-0.027606279,-0.21151903,0.25914878,-0.30227643,0.24959274,-0.7868657,0.24646367,0.07350991,0.39856195,0.1945189,0.4080456,-0.16517478,-0.032723635,0.020788921,0.22896563,-0.16267067,-0.4003691,0.7658379,0.09308328,-0.06380841,0.42165765,-0.035902336,0.37951082,-0.09877075,-0.3795278,-0.46150512,0.29496142,-0.14591524,-0.58218676,0.36229363,0.093686014,-0.04045835,0.2000843,0.0865013,-0.045726,-0.41187376,-0.14427255,0.5461084,-0.11313546,0.41330013,-0.25380838,0.0853101,-0.19687562,-0.16637988,0.36641198,-0.43888813,-0.42846748,0.2143017,-0.21577191,-0.49188715,-0.7203593,-0.26055402,0.35385722,-0.50132954,-0.0763655,-0.12267566,-0.021330632,-0.14736685,-0.21892154,0.28071094,-0.25556642,0.5640601,-0.13787176,-0.1507675,0.45597896,0.040882904,-0.16427663,-0.25049865,-0.32114634,0.24401549,0.0947597,0.16157413,0.005468175,0.24576567,-0.33039767,-0.4702381,-0.31777623,0.0044946913,-0.37714523,0.03532257,-0.2210121,-0.0576995,-0.02051375,0.10983717,0.087922655,0.54085696,0.014566302,-0.1378989,0.30528033,-0.33841723,-0.10893015,0.03648249,0.28413785,-0.06924773,0.004304584,0.28313762,0.30352694,-0.5635424,-0.31718805,-0.36925238,-0.11415781,-0.20080876,-0.16797905,-0.1933731
-0.044191845,-0.030882359,0.02150516,-0.23744564,0.9193064,0.35451284,0.19629198,-0.094449416,0.14597929,0.4632559,0.08539802,0.0023874976,-0.16919145,-0.09376825,-0.03735961,0.07867761,0.18829557,0.040576935,0.064799085,-0.10036219,-0.17749287,-0.41191062,0.1612499,-0.3427133,-0.49658656,0.020587921,0.24553226,0.032478146,0.12529534,-0.13689527,0.40566105,-0.15728332,-0.10182118,-0.17499292,-0.16547951,0.038577132,-0.06855142,0.19628693,0.09972558,-0.116819896,0.018566597,0.36058468,0.12993792,-0.1716434,-0.10235605,0.23045276,0.23775363,0.02518072,0.018649958,0.07163739,0.07588975,0.042726293,0.05861409,-0.35534003,-0.2614802,-0.01323426,0.35722932,-0.09294616,0.15782666,-0.022836067,-0.19937451,0.48046485,-0.17026988,0.3396117,-0.090662844,0.42044562,0.2364855,-0.1733471,0.17555784,-0.6000382,0.2691726,0.29809162,-0.21423641,-0.12560366,-0.15469354,-0.26770866,-0.25905368,-0.331929,-0.13179621,-0.024125636,0.1486906,-0.011671829,0.19859377,0.17512682,0.22468741,-0.070773445,0.030872405,0.048680436,0.37055728,-0.084867716,0.23710802,-0.20861357,0.042798154,0.6619165,-0.07607496,-0.38281327,0.042398147,0.1476012,-0.31653625,-0.52323264,0.2971074,0.2772657,0.26900673,-0.029428497,0.052723885,-0.06791658,-0.06126401,-0.036423087,0.114038184,0.36200377,-0.08925762,-0.044854335,0.229503,-0.066773534,-0.198315,-0.04278915,0.37989292,0.11768057,0.070104614,0.032135703,0.047616333,-0.3662973,-0.30043936,-0.3918776,0.2883039,0.18052448,-0.221473,0.19798341
-0.4069576,-0.11454366,-0.6873317,0.0025415719,0.5226604,0.3201061,-0.02178771,-0.6373387,-0.07532667,-0.057846412,0.047858626,-0.2518909,0.0685519,0.4074168,-0.39695948,0.11200091,0.40537956,0.06078738,-0.5252922,-0.22930893,0.09797509,-0.07077685,-0.39275295,-0.014936704,-0.6362772,0.13727266,-0.092549525,0.19285169,0.50316864,-0.85416794,0.39122912,0.04511443,-0.029908754,-0.029215746,-0.53322774,-0.16013892,-0.26256856,-0.29001653,-0.3185595,-0.7074478,0.5287178,1.0007362,-0.050319955,-0.7490995,0.09359208,0.06333901,-0.13729876,0.32690305,-0.09337297,-0.21249974,-0.050240174,-0.099139035,0.1491327,-0.087660596,0.35082757,-0.015255369,0.5551963,0.15426621,-0.1101977,-0.26516405,0.21590117,0.88857365,0.01648596,0.5766953,-0.40853095,0.3177784,0.1483884,0.13341847,-0.17312592,0.21817344,-0.5518101,-0.38171327,0.08329125,-0.6562767,0.20546742,0.20315778,-0.09555079,-0.531003,-0.32694522,-0.19502409,0.1641343,0.12937482,0.2414322,0.23297384,-0.2760553,0.07074548,-0.57387316,-0.3128856,0.29243398,0.28984815,0.10153215,-0.2426209,-0.37006733,-0.029604182,0.30535197,0.11746085,-0.09845348,0.47532034,-0.3626967,-0.042144865,-0.16384657,0.3504975,-0.18486285,0.34876975,-0.56393087,-0.16621059,-0.61102843,-0.03513597,-0.2777596,0.6619962,-0.29800835,-0.058849875,-0.009995819,0.08384475,0.1745536,-0.29373565,-0.34162146,0.5252607,0.4269581,0.19651186,-0.25448096,-0.15024324,-0.06296103,-0.1444946,-0.24255863,0.0873802,-0.27692407,0.5512853
0.06444997,-0.03922385,-0.2861684,-0.31989744,0.620203,-0.12494172,-0.17076139,-0.15835226,-0.48911864,0.2627502,-0.31424,0.34717965,-0.06872235,0.097966745,-0.16164574,0.08318768,0.2701976,-0.23482266,0.05766155,0.09833475,-0.23638476,0.15990984,-0.25664076,-0.17817396,-0.053005666,0.032903824,0.40246788,-0.24806976,-0.11160694,-0.4143836,0.09613855,-0.18423374,-0.17273997,0.32546285,0.072421156,-0.25537193,-0.74809587,0.45538217,0.048574142,0.11173503,0.02196914,0.39138195,-0.40049124,-0.12304947,0.19361714,0.4981841,0.38658193,0.019438006,-0.34909564,-0.28255218,0.32795888,-0.34412086,-0.26564735,-0.25348637,0.034504242,0.08684012,0.34034562,0.15087393,-0.010177271,-0.07547034,0.10588069,0.4656518,-0.3926824,-0.28219303,-0.5156283,-0.04905966,0.31115705,0.0990037,-0.46084264,0.29952127,-0.18211839,-0.16360343,-0.39895076,-0.5881002,0.29283643,-0.03326314,-0.36606044,-0.373166,-0.10086578,-0.29474577,-0.29801133,0.11718631,-0.8709856,0.30740473,0.013461612,-0.34443602,-0.37257656,-0.0022766674,0.103887066,-0.096415356,0.034806795,0.5132683,0.039412234,0.3288247,-0.34563398,-0.021508396,0.1560456,-0.11579919,0.07122116,-0.06889208,-0.030980663,0.21379577,0.38699946,-0.10153692,-0.20900638,0.065614834,0.076332495,-0.091005415,-0.40841502,0.76705897,-0.2919644,-0.36394942,0.06754969,0.25727263,0.33079958,-0.28276974,0.53976804,-0.029846326,-0.27465108,0.0873241,0.19980954,0.0026091933,-0.06770678,-0.23518959,-0.0643059,-0.21020244,-0.21580498,0.2877714
0.4271701,0.7349832,-0.018501326,-0.6248944,0.9217179,0.48900348,-0.114693046,0.34122032,0.022872172,0.5498675,-0.11752401,-0.09145413,-0.22359176,0.4486733,0.33438846,-0.5681386,-0.12530354,0.15654275,0.1733438,0.16212988,0.0958213,0.15326965,-0.016450934,-0.58757347,-0.16543679,0.29530534,0.48292774,-0.35253504,-0.6834123,0.6001605,0.02791547,0.4733101,0.49750566,0.6657817,-0.15971601,-0.33610347,-0.3860778,-0.17170286,0.21068257,-0.38346833,0.63216794,0.35736933,-0.3754,0.06353383,0.3277634,0.9666893,-0.18367893,0.5478966,-0.509069,0.023896221,0.28491968,0.40675682,0.34327963,0.06148019,-0.31393015,0.5199946,-0.40399206,-0.41166222,-0.25489807,1.0005593,-0.099420056,0.24524239,0.2924145,-0.1609968,-0.25197256,0.541912,0.46830434,-0.70410043,-0.261362,0.31294236,-0.41930914,0.13170747,0.43509424,-0.4101524,-0.3002881,0.41775864,-0.098499015,0.40068302,0.5108005,-0.31400102,0.11928822,-0.68386334,-0.46219763,-0.50965655,0.50531983,-0.32985392,-0.24385044,-0.23521964,0.030589841,0.35234225,0.31569895,-0.31389558,-0.38836637,-0.3779503,0.072771564,-0.8389811,0.13586433,-0.047020175,-0.3621803,-0.14885285,-0.15599962,0.029975131,-0.34285003,-0.41616696,-0.25322273,0.16856724,-0.3507435,0.15187259,0.048290357,0.36096823,0.3898432,-0.0019489937,0.20889078,-0.0877876,0.16978759,-0.381705,0.006019324,0.31726244,0.74465597,-0.030034918,0.37975532,-0.260186,0.96795183,-0.33759102,0.6431552,-0.39245054,-0.42883295,-0.06863195
0.08157298,0.08000408,-0.17001152,0.18924297,-0.4338392,-0.19725052,0.37972802,-0.48982596,0.3350033,-0.12872083,0.45910695,0.017481454,-0.36189008,-0.46909085,0.26110998,-0.30744857,-0.05053553,-0.5229842,-0.20402658,-0.20176888,-0.2999097,0.6166381,0.039857358,-0.55676705,0.9076596,-0.09702635,0.14882049,-0.16294193,0.3261833,0.057648852,0.08393455,-0.13757429,-0.052121688,-0.1652891,0.057550468,-0.1813278,0.19858873,-0.76931024,0.18376023,0.33483586,-0.35381377,0.15918556,0.179153,-0.11369572,-0.27941442,-0.044788536,-0.5614599,-0.10258554,-0.44469678,-0.16229138,-0.1800247,0.46702987,-0.07609394,0.21592426,0.24405697,-0.039364196,-0.074059114,0.25931412,-0.3242736,0.67488503,-0.010745928,-0.6081567,0.08641918,0.24422464,0.84539676,0.35377342,0.1492815,-0.3087935,0.45057482,0.013204351,-0.17874843,-0.44891298,-0.85014844,0.0365951,-0.38761494,-0.6094766,-0.6408115,-0.047278646,-0.22578524,-0.041892566,0.16141713,-0.29955247,0.09475207,0.17556128,-0.16375634,-0.50355566,-0.06877819,-0.07854474,-0.36300373,0.3319993,0.5513118,0.4815127,0.2964356,0.17992511,0.03919027,-0.1787131,-0.49825078,-0.34501106,0.13465942,-1.074406,-0.2937989,-0.58198464,0.45712346,-0.09979762,0.2584248,0.13943332,-0.44193488,0.23920003,0.26602015,-0.30008855,0.17728618,-0.10011118,0.23235086,-0.058141187,-0.11557913,-0.31798628,0.172705,-0.4639736,-0.21299267,-0.06268513,0.48942068,0.48907992,-0.09844153,-0.26868796,-0.3488096,0.35474795,0.065722525,0.18278807
0.121840484,-0.19948539,-0.020372268,-0.36177573,0.66106886,0.3977784,-0.40729618,0.32016486,-0.03769774,-0.2549347,0.17419001,0.090328895,0.40715888,0.11083986,0.4435104,0.06019588,0.166727,0.30968216,0.3214274,0.4527011,-0.171569,-0.51421374,0.5766268,0.1515155,-0.5013406,-0.25576147,-0.4698326,-0.46427667,-0.8309408,0.5813353,0.38070995,0.036111172,0.42313647,-0.12606803,-0.17756242,-0.36380467,0.32724878,-0.09269118,0.18394968,-0.37840128,0.9945227,-0.03892483,-0.0037915073,0.47014922,-0.2908324,-0.11125991,0.16419661,-0.53462034,-1.0754685,-0.19699925,0.05068346,-0.7234907,-0.34099716,0.113585755,-0.7797091,0.04956937,-0.21482919,-0.5260695,0.070392065,0.17947192,-0.42497498,0.17424083,-0.46428686,-0.0035628155,-0.7414124,0.005398825,0.024066748,-0.44044966,-0.30256864,-0.2386864,0.46260527,-0.4783813,0.16951886,-0.33374557,-0.2464661,0.055466898,-0.02329218,-0.556858,0.27263466,-0.6392239,0.684185,-0.014036609,-0.28160495,0.118762225,0.22170818,0.27813888,0.25471956,0.4590712,0.29829156,-0.14262733,0.44298077,0.10316064,-1.2934049,-0.519728,-0.16675004,-0.08221939,-0.33679008,0.2561546,0.20774078,0.061471596,0.17006402,0.2584614,0.1063764,-0.43523204,-0.73123413,0.11061518,-0.0143721625,-0.080528334,-0.83017915,0.06572316,-0.18010476,0.71998364,0.711419,0.2470614,-0.17028067,-0.37203088,-0.28527012,-0.34212115,-0.4697175,0.2203616,-0.47652742,0.12516761,-0.18035163,-0.45963824,0.41447264,0.008816794,-0.35103855,0.3078468
-0.2878807,0.708598,0.20035052,-0.29287842,-0.34944096,-0.092960656,-0.010325901,-0.0514313,0.11568717,-0.3066166,0.19733654,0.13890442,0.41654068,-0.2909336,-0.24994299,0.47799122,0.17148614,-0.6298962,0.058741346,0.36406383,-0.02454026,0.54503417,0.18293105,-0.45556593,-0.04311063,-0.21908271,0.37838447,-0.31644887,-0.11777824,0.12387035,-0.104028836,0.032446533,-0.3247487,-0.10412811,0.66547406,-1.0502754,0.06873347,0.055933416,0.6516104,-0.17741823,0.06261654,-0.29517627,0.11860578,0.3697312,0.0393844,-0.1137772,0.12730817,-0.046375737,-0.23966289,0.3364195,-0.09861438,0.16290712,0.02372595,0.091591775,-0.2556648,0.11250607,-0.052663095,0.056279678,-0.06436851,-0.23913597,0.020421997,0.4835752,0.58292747,-0.07293065,0.2838301,-0.3265372,-0.27704823,0.17110386,0.5090073,0.3799911,-0.7866781,0.14162222,0.15771753,0.26172286,-0.1951095,0.6217448,-0.41784924,0.51957035,-0.32710147,-0.054381326,-0.14066583,0.17270702,0.05642551,-0.29491892,0.26015842,-0.41102338,-0.053355426,-0.24233162,0.17170173,0.42909262,0.2881426,-0.104747206,-0.14866778,-0.4410783,-0.07950948,0.40836972,-0.04437542,-0.031607416,-0.5517193,0.5308427,-0.14269412,-0.070185624,0.30334604,-0.0086549,0.49361444,0.40615612,-0.016024366,0.4445781,-0.19940424,-0.4618862,-0.24759202,-0.530249,0.0018341839,-0.12269935,-0.33061093,-0.16884667,-0.07117372,-0.20632705,-0.13280842,-0.028936923,0.16929407,-0.5833814,-0.11761238,-1.0439596,-0.2440643,-0.29328078,0.20724265,0.12827064
0.30546704,-0.19124931,0.37063643,-0.4381252,0.2028872,-0.3732154,-0.09502518,-0.39578924,-0.15917224,0.27740863,0.72061926,-0.065877974,-0.2171338,-0.40443248,0.747993,0.5445821,0.70254624,0.25761938,-0.21056642,-0.5268812,-0.24427362,0.18016064,-0.5964926,0.13263904,-0.4283176,0.19247095,-0.3186925,0.025706857,0.3438837,-0.06623591,0.3749594,0.3498858,0.012629688,0.6021817,0.42414153,-0.58865887,-0.5067869,-0.11772702,-0.34107435,0.033766113,0.16465718,0.55706644,-0.012601167,0.26730543,-0.10761981,0.4441343,-0.25534526,-0.11816383,-0.21850158,-0.19592635,0.48506585,0.34115458,-0.13270558,-0.5328639,0.19563912,-0.62787527,0.07467072,0.45894447,-0.8050405,-0.18837947,-0.086821355,0.67147624,0.83953154,0.10108048,-0.67178,-0.13788962,0.3312786,0.15139696,-0.34862372,0.7750654,-0.22136007,0.742031,0.15446322,-0.6483361,-0.23461902,0.14738208,-1.0369698,0.054329604,0.21183586,-0.9647682,0.29966265,-0.33202136,-0.18606544,0.1273205,-0.02414785,-0.13379857,0.25504324,0.11326347,0.46197024,-0.029091,0.27284116,0.5305619,-0.28345844,-0.1819045,0.47469747,0.33896846,-0.3495927,-0.39486706,-0.15463072,-0.37033036,-0.28172004,-0.19426517,-0.35974228,-0.38130608,-0.42789197,-0.09842691,-0.2187165,-0.06849699,0.29144278,0.25134665,-0.40049148,-0.20103623,0.16229126,-0.19779997,0.32000315,-0.45482415,0.3686064,-0.30188906,-0.13988155,0.42548025,-0.67078453,-0.010146737,-0.04121244,-0.23913825,0.10617404,-0.71543527,-0.15483193,0.92951065
0.47567832,-0.19751948,-0.38122094,-0.07554062,0.31144857,0.06163536,-0.2370577,-0.16006769,-0.2523705,-0.15350199,-0.5388339,0.04862053,0.030021101,0.36366943,-0.3100137,0.70275915,-0.31334096,-0.03822159,-0.503719,0.22806506,0.064703204,0.46751547,-0.12965687,-0.011235706,0.030932397,-0.13821878,0.17427123,-0.046975203,-0.4319111,0.058876872,0.35406846,-0.3123677,0.10604072,-0.0072859973,-0.021315169,-0.16255482,0.051693838,-0.1257622,-0.18489902,0.1450933,0.4821098,0.35537952,-0.5271663,-0.37750477,0.17561418,-0.37181854,0.2603357,-0.37886566,-0.01549428,0.52583706,0.3348333,-0.035096526,-0.10036646,-0.17357183,-0.15745085,-0.5960796,-0.2764589,0.014058799,-0.58290887,0.33720633,0.032954242,-0.47411445,0.2916568,-0.4379904,0.39800543,0.16867559,0.16021252,0.3785954,-0.27185032,0.33229384,0.12550041,-0.09312861,-0.15552515,-0.02639541,0.20733045,-0.7453382,0.18735623,-0.7544762,-0.1871492,0.03993081,0.100016184,0.354685,0.32919687,0.07679652,0.07160005,-0.43513823,0.2944745,-0.00015024841,-0.23905881,0.48571855,0.58914477,-0.113565505,0.11341838,-0.11576773,0.40942812,0.67649066,-0.3506356,0.085654154,0.019637868,0.725392,-0.22155577,0.17555933,0.16564822,-0.16837795,-0.13575563,0.19315061,0.27552974,0.17579493,-0.42711973,-0.24187407,-0.25730127,-0.18756883,0.01870399,0.25469643,0.51867706,0.3432775,-0.21977644,0.13687982,0.5210568,-0.2448475,0.16826236,1.0047715,0.24073122,-0.03830199,0.5144927,-0.32010072,0.12126133,-0.18635112
0.029326145,-0.0040980577,-0.2439546,-0.083500005,-0.43165517,0.13324465,-0.085112005,-0.1255548,-0.04774379,0.030506551,-0.09230754,-0.21080342,0.11721814,0.040415604,0.030928623,-0.42845333,0.08057207,0.5296053,-0.18284574,0.3800964,-0.12683626,0.15281032,-0.28185314,-0.4119923,-0.27435642,-0.48103,-0.3946292,0.0014771223,-0.3756042,-0.03527922,0.24143255,0.27609822,0.16190422,-0.16503248,0.27980277,-0.6764932,-0.10146198,-0.31071278,-0.38266218,-0.01234962,-0.11681339,-0.15962076,-0.078901686,-0.21678525,-0.3551683,-0.048070755,0.103369474,-0.28486797,-0.11552961,-0.19889022,-0.436086,0.09222664,0.5945968,0.22010869,-0.6735358,0.5695183,-0.017430164,0.17709379,0.27341297,-0.023259256,0.23831315,0.016765714,0.045850642,0.060727693,-0.42756683,-0.6136294,-0.19377251,0.204712,-0.08686709,0.059935406,-0.29680774,-0.15213394,0.046903517,-0.75149596,-0.91927433,-0.51771575,0.33097112,0.059248656,-0.26394418,-0.2933686,0.6676981,-0.01867652,-0.2425232,-0.5407343,0.031115934,0.54584044,0.11035988,-0.1702963,0.12119378,0.045160376,0.43320143,0.15738797,0.04713621,-0.2133779,-0.0007905178,-0.40183446,0.25582743,-0.40615872,-0.077067114,0.51417786,-0.47277537,0.37608388,-0.13275437,0.0023597702,0.4063208,-0.35277885,-0.2678492,-0.21916902,-0.15467204,0.21808435,-0.13462216,0.19338934,-0.5234978,-0.38928682,-0.28008628,0.47022575,-0.36920393,-0.2145192,-0.10978337,-0.004357964,0.30961376,0.12713063,-0.30065507,0.39284065,0.19162291,-0.34285837,0.08619512,-0.09205125
0.18869263,0.027556062,0.23023096,-0.09205392,0.077080086,-0.0513058,0.41634852,0.29086724,-0.065901816,0.53331304,-0.030295417,0.28525633,0.5047708,0.2629115,-0.067937024,-0.5722135,0.09356087,0.15304855,-0.10005617,0.21554784,0.58820343,-0.09336377,0.029808275,0.08919121,0.15792692,0.18695146,-0.11560319,-0.2751428,-0.13942607,0.06557943,0.32066283,0.4305922,0.21685848,0.30613244,0.20605765,-0.59754026,-0.61939347,-0.07433667,0.041048042,0.4356542,0.3506099,-0.029038712,0.018789636,-0.29550207,0.05349329,-0.29886997,-0.021416754,-0.16748098,0.20569919,-0.0819335,-0.2123072,-0.04070589,-0.11641544,-0.07607621,-0.20485917,-0.3014615,-0.2761842,-0.23849443,0.43567073,0.06547949,-0.08734088,-0.54072744,0.14457959,0.19013983,-0.21178392,-0.09771165,-0.25250274,-0.022716606,-0.06979868,-0.22962621,0.13518292,0.020370103,-0.5282468,0.073687404,-0.36755782,0.04096549,0.1752721,0.078579545,0.034690376,-0.34041303,0.743169,0.25801122,0.05522672,-0.0078409985,0.042330418,0.23959973,0.443381,0.02249623,-0.057712268,0.85214853,0.101618946,-0.247042,0.42096537,-0.013207093,0.5857447,0.32206693,-0.008778073,-0.1477675,-0.21001767,0.69528306,0.24414569,0.229489,0.05007189,0.2175449,0.18696283,-0.073396154,0.25254032,0.0030323714,0.2534675,0.15225472,-0.14923733,-0.2262021,-0.12230362,0.3165071,0.48952264,-0.2944846,0.038179077,0.30217063,0.006496828,0.24597156,0.17005825,0.15322766,-0.363147,0.11726798,0.15461999,0.26983997,0.0056590587,-0.005310353
0.227855,0.36749697,-0.10885014,0.09785701,-0.099786095,0.232829,0.32967845,-0.033183187,-0.38570327,0.016123831,-0.1437708,0.30012357,0.0712597,-0.00643757,-0.08944236,0.13718493,0.023874357,0.45674217,-0.1474803,-0.05967182,-0.20529893,-0.043562934,0.1762309,0.24303295,-0.13749626,0.09677661,-0.27476433,0.15356606,-0.6784108,0.16652569,0.36892205,0.37488252,0.12269513,-0.049952984,0.13232264,-0.4910671,-0.44661823,0.10791368,-0.006196048,0.57457167,-0.289127,-0.006390646,-0.16804658,0.1137332,-0.19900331,0.09640986,-0.31136212,-0.22719878,0.22125697,-0.0024949908,0.008108079,-0.03967368,-0.22351943,-0.21756725,-0.20061848,-0.25432527,-0.41436124,-0.07336272,0.31469548,-0.035597306,0.11548673,-0.30386677,0.050816037,0.35374805,-0.13042304,-0.039136544,0.25831923,0.13199206,0.13880205,-0.18230301,-0.099386364,-0.13252145,-0.11174388,-0.25236422,0.11481097,-0.09277472,0.04693322,-0.4202942,0.08127485,-0.31699887,0.067168444,0.22771701,0.07467276,-0.054082155,-0.17460667,0.16137622,-0.3122989,-0.6666304,0.036379725,0.3067152,-0.20818469,0.030376542,0.26030833,-0.08633469,-0.22830868,-0.14046873,-0.024064152,-0.26126277,-0.5090357,0.85919464,0.17710328,-0.2286118,0.32193696,-0.11018626,-0.16181774,-0.04715134,-0.12506852,-0.112937786,0.035976395,0.31050867,0.25213042,0.29473078,-0.30367607,-0.11632344,-0.015375569,-0.016388707,-0.19413862,0.15581387,-0.025348684,0.048840247,-0.1452153,0.9234283,0.18270515,0.8107952,0.35523376,-0.17900321,-0.23749827,0.05141175
-0.30185705,-0.39235318,-0.14952645,0.1172121,0.12893966,0.432245,-0.30255324,-0.6545913,-0.41975057,0.6257719,0.4939268,-0.71886706,0.42763442,-0.272951,0.08160929,-0.6323725,0.164792,-0.3356832,-0.60524887,-0.2548972,0.13907498,0.46940404,0.015095733,0.16302623,-0.68499386,-0.24064967,0.52735883,0.04832083,-0.49892694,0.19243938,0.16745737,0.4564004,0.119140945,-0.31626472,0.21740963,-0.6624612,0.05040878,-0.21561784,-0.25675464,0.1576282,0.22129469,-0.079563126,-0.15378231,-0.25195462,0.18391564,-0.17971613,-0.14595182,0.11845417,-0.4452125,0.18324307,-0.04312139,0.14050137,0.13342553,0.07402502,0.2971585,0.7735838,-0.7771282,0.2262421,-0.016380668,-0.23153576,0.87664443,-0.5573439,0.014599629,0.46306992,0.007184552,0.264552,0.0409057,0.48657447,0.015330061,0.09855801,0.060690686,0.11036347,0.16895585,0.12216027,-0.35166696,0.16798356,-0.2537082,-0.3982518,0.31628105,0.57981217,-0.24898994,-0.08192949,0.07988703,-0.1790185,-0.57072955,0.065147005,-0.08660819,-0.2237173,0.08762197,-0.0050384905,0.41012192,0.247859,-0.25331414,-0.3074108,0.41405097,-0.4591783,0.15104146,-0.22990772,-0.5141336,0.6433609,0.29919982,-0.3873977,0.18684235,-0.4758647,0.16586354,0.5452099,-0.04626502,-0.26020545,-0.260992,0.15520489,-0.032443807,0.014660195,0.12126294,0.15725726,-0.16684905,0.047877148,-0.39086643,-0.039651304,0.8114718,-0.54678816,0.44244146,0.43639788,-0.26711103,0.46892524,0.073617235,-0.33737236,0.4299069,-0.27149668
0.16936505,0.182235,0.050119586,-0.061519884,-0.026060637,-0.10831482,-0.07315916,-0.09075037,-0.19649114,-0.013856828,0.28144345,0.6126931,0.067986175,-0.08929439,-0.45263898,0.12566349,0.16133764,0.1411079,0.34364712,-0.39596522,0.17908713,-0.18905637,0.07585824,0.19137809,-0.18989417,-0.11774188,0.42450646,-0.40147287,-0.14678167,0.36229345,0.3753832,0.33092773,-0.007556945,0.26192257,0.60931873,-0.15742809,0.10520604,0.043243032,0.43735233,0.6594775,-0.2244154,0.2186511,-0.24416015,-0.02237548,-0.22414736,0.04393264,-0.29913217,0.30251333,-0.03688006,0.34330657,0.09605986,-0.06741936,-0.11536492,0.082059056,-0.3099208,-0.49317437,-0.15882619,-0.4097428,0.5750106,0.10509495,-0.0048732553,-0.7992009,0.6771983,-0.08127173,-0.23229542,-0.10458624,-0.11308941,-0.36698657,-0.032157186,0.06557811,-0.08110974,0.21193339,-0.028642833,-0.10809181,0.00036858022,-0.48047584,0.08245782,-0.09364228,-0.13222696,0.20242667,0.42133385,0.55960953,-0.01401411,-0.22530773,0.14227974,0.09258759,0.24211158,0.15864198,-0.07830331,-0.026820105,0.27549025,-0.3633648,0.06810687,0.44250524,-0.02090905,0.1863514,0.21909258,0.090455465,-0.39356115,0.54307306,0.2674439,0.2763657,0.11762223,0.15031481,0.044168748,-0.09639437,0.36873582,-0.42325062,0.1485722,-0.12935038,0.26834977,0.21483377,-0.58581793,0.25015098,0.4420237,-0.06386744,0.20343941,-0.29677993,-0.19752571,0.37076056,0.14371097,0.19727412,0.066575065,0.17011827,0.13333198,-0.4519961,0.22923365,0.06266689
-0.075033516,0.0609613,0.2577371,-0.16782765,0.050436392,-0.12539297,0.26115036,-0.10703826,-0.08371954,0.10689117,0.5292008,0.07110469,0.05162153,0.2816987,-0.17110963,-0.07879336,-0.12280586,-0.35810134,0.4119984,-0.16855955,0.16326389,-0.11768961,0.0075891614,0.3371161,-0.17217699,0.32365677,0.22468995,-0.4714048,0.3253467,0.05296313,0.031677127,0.019054059,-0.35554996,-0.09468331,0.18731922,-0.5790441,-0.07145554,-0.06159602,0.076769754,0.16622603,0.03584709,-0.15201929,-0.26297513,0.063230045,0.5975808,0.35426337,-0.14192842,0.2752478,0.003326144,0.47410178,-0.21117446,-0.3585227,-0.19081771,0.3870909,-0.18307622,-0.33173648,-0.24922593,0.12750284,0.47127143,-0.065983236,-0.23332591,-1.057137,0.18535125,0.35248265,-0.36983657,0.22050278,0.33536094,-0.20701951,-0.33482975,-0.11961252,0.110523805,-0.012735989,-0.38053256,0.2227121,-0.35260952,0.3218866,0.14356466,-0.078298025,0.043328114,0.3159814,0.14928359,0.28220853,0.17747033,-0.08963743,-0.40129703,0.21394885,0.4116519,-0.39118153,-0.3399824,-0.43481627,0.41632837,0.063534446,-0.2866505,-0.0026564673,0.17516704,-0.042162795,0.15197283,0.14891173,0.017495476,0.46089143,0.4111843,-0.244831,0.08904034,-0.07395443,-0.22980732,-0.40152174,0.279007,-0.11334689,0.29923806,-0.40704754,-0.35369092,-0.1985245,-0.50319415,0.17985179,-0.07003167,-0.24560454,-0.14366445,0.072563134,-0.02551662,0.19682492,0.39810547,0.17593151,0.35090017,0.34320104,0.32139838,-0.14629771,0.27808714,0.23213908
0.05540992,-0.21986078,0.68890005,-0.09400274,0.14957789,-0.31149644,0.2907928,0.07684505,-0.6945735,0.15951595,-0.43622658,-0.007897541,-0.2892815,0.04775002,-0.06736764,-0.17915101,-0.3664379,0.14341506,-0.1448664,-0.42468092,0.6929803,0.31272122,0.035656095,0.28475973,-0.1604024,0.018850833,0.6680401,-0.4709337,-0.020375896,-0.14835401,0.5827079,0.24856842,0.31562632,0.030427955,-0.110303015,-0.3208522,-0.6606469,0.19349232,0.13975868,-0.327728,-0.5599754,0.22096437,-0.21618205,-0.1640197,-0.04376593,-0.39840862,-0.28572428,-0.4309376,-0.527699,-0.43261367,-0.031430736,0.5056624,-0.029197052,-0.4642639,-0.29452786,-0.28645357,0.038445514,-0.26971763,0.04053089,0.15890796,-0.057265654,-1.2324978,0.4144414,-0.076248154,0.4730371,-0.34953672,0.33329028,-0.13308965,-0.052549064,-0.10245547,-0.634783,-0.28938156,-0.110048085,-0.049754612,-0.35842025,-0.16620567,-0.4140294,-0.12584494,-0.3227759,0.21145324,0.21236551,0.34530312,-0.17615426,0.08751602,-0.21727024,0.28996268,0.14887708,-0.5475832,0.157345,-0.033221677,0.13144866,-0.18658483,0.045038193,-0.46245787,0.26224878,0.2108246,-0.18174073,-0.29717693,-0.32579112,-0.1934741,0.43798903,-0.040469036,-0.122817114,-0.4491112,0.08748998,-0.28761578,-0.15806317,-0.15592664,0.34892276,-0.20849092,0.14392787,-0.16290815,0.02022623,-0.20757699,-0.31051412,0.48394936,-0.25764012,0.41800737,-0.26540428,0.10979651,0.30829006,0.5173124,-0.08007277,0.2207711,-0.1339874,-0.025827982,-0.13518807,0.02179989
-0.10327664,-0.15145876,-0.40642697,0.7465161,0.013455316,0.25857922,0.104973406,-0.18707666,-0.368738,0.15459433,0.005625434,0.02261218,-0.1610189,-0.16434093,0.1321292,0.19987684,0.06967594,-0.09310153,0.1968717,-0.3582421,-0.36265767,0.038844656,0.21403998,0.0059577823,-0.22614947,0.60955757,-0.18096861,0.6568689,-0.039823424,-0.075482875,0.23539382,0.48501772,-0.7621931,0.40132147,0.055090807,0.54325134,0.27062064,-0.7794895,-0.17899497,-0.08530797,0.23521028,-0.19144298,0.073113106,0.58395654,0.25665984,-0.18505904,0.16145994,-0.43373364,0.28109568,-0.26854545,-0.54343754,0.24542347,0.15430349,0.4651454,0.01625462,0.45546746,0.4507563,0.12387599,-0.13089181,-0.42976603,0.33382934,0.057381913,-0.091158494,0.4910143,0.67574024,-0.27972633,0.19126768,0.4460625,-0.122827984,0.42192677,0.10658582,-0.51274395,0.09728716,0.5350437,-0.4404686,0.09631939,0.26489142,0.0013843812,-0.016313314,-0.10592443,0.03873519,0.07873587,-0.2742685,0.34028295,-0.0479445,0.22609048,-0.18008214,0.16031596,-0.7503275,0.16788384,0.4396896,-0.19014004,0.25725794,-0.0061869854,0.28274104,0.2866012,-0.8579353,0.9177615,-0.2006159,0.2295577,-0.55017215,0.3161391,-0.5131025,-0.21281287,0.027556956,0.17497759,0.07650138,0.0017680079,-0.07659847,0.07779402,0.0038146279,-0.5020773,-0.49668726,-0.110581264,-0.07098259,-0.18815938,0.4008479,-0.25590464,0.15462857,0.47275004,-0.46289805,0.3473002,0.05228632,0.5211137,0.07488488,-0.45813936,0.39896864,0.409946
-0.41059822,0.09001398,-0.16554867,0.81296444,0.28466958,-0.2715808,0.2218151,-0.42493516,0.08155105,-0.0535779,-0.60028505,-0.14850709,0.10531168,0.16070555,0.22835003,0.4846769,-0.12669267,0.3377929,-0.20337206,-0.4208229,0.41130352,0.3272885,-0.0041997693,0.29537106,0.28593934,-0.19215035,0.0117498245,0.7406214,0.4179907,-0.22378562,-0.6039092,0.06345558,0.14226775,0.09671647,-0.0068175085,0.47541192,0.38866544,-0.42425317,0.18260194,0.4935062,0.083060734,0.101981476,-0.63042915,0.07278489,0.43513945,0.036751598,-0.04707665,-0.055614717,-0.73393613,0.14552474,-0.1531749,-0.17310983,0.62410057,-0.4157369,-0.22694707,-0.2706978,-0.45804778,0.44719923,0.49241716,-0.35602972,-0.30730137,0.585314,-0.3379762,-0.2741638,0.58366776,-0.08276087,0.16109243,0.058887336,-0.04903476,-0.6543817,-0.2318129,-0.122119546,0.7337376,0.38297415,0.08064769,0.26550677,-0.18705368,0.16577454,0.2673884,0.01555682,0.26950547,0.44501436,-0.34772617,0.32590574,0.18338913,0.40393797,0.036182053,0.27476117,-0.10933702,0.10076825,0.028567808,0.4805141,0.5499626,-0.051662464,-0.07303297,0.7500704,-0.46637505,-0.1606631,0.10185298,0.27275312,0.08325468,-0.40705496,-0.48721474,0.13760054,-0.14918876,0.15515292,-0.022483747,-0.18020941,-0.47294068,0.66788584,-0.04121799,-0.07340884,-0.4081266,-0.20650741,0.22380468,0.060025334,0.004885085,0.38245308,0.2939291,-0.37203136,0.41619995,-0.18310146,-0.00758915,0.78423965,0.88169825,-0.07053434,0.17276669,-0.105049774
-0.70222294,-0.50564736,-0.113860905,-0.011219397,-0.34698123,-0.09015158,-0.29774356,-0.6428103,0.31242216,-0.39454713,0.61256003,0.69008976,0.30073112,-0.035296604,-0.01687333,0.10179868,0.3431108,-0.17858705,0.29247397,-0.12329212,0.21787956,0.19550338,-0.082703486,0.084305644,0.12858328,-0.17361152,0.18872121,-0.18052895,-0.3964938,-0.28350058,0.8978814,-0.029912798,-0.68330073,0.18523964,0.3185817,-0.89828897,0.08106766,-0.19455536,-0.28910536,0.5493804,-0.16960445,0.3090931,0.5084385,-0.008415643,0.0797762,-0.22857013,0.52797294,-0.5527351,-0.17575353,-0.79229635,-0.031486444,0.0015341192,0.42530394,0.07619946,-0.32646573,-0.3384466,-0.024691582,-0.03583698,-0.1739654,0.030161332,0.26912162,0.8696939,0.38773155,-0.08311282,-0.280816,-0.33163086,0.42799968,0.16581324,-0.11118716,0.106950685,-0.15875033,0.114581764,-0.46351108,-0.47747388,0.7828882,-0.34606877,0.3268745,0.03487633,-0.110263385,-0.21907699,-0.11733229,0.17167488,-0.51285315,0.019268287,-0.24106438,0.345996,0.6591474,-0.3815457,0.19261804,0.24819991,0.0070279054,-0.22677103,0.40710098,0.42051375,0.38281238,0.26491106,0.59335846,0.5402119,0.121996045,-0.097593114,0.14194882,0.13599716,0.85109645,0.05139634,0.25202632,0.21821222,-0.32907677,0.3615695,-0.23473325,0.065047964,-0.30852696,-0.0052713603,-0.06952781,-0.12614128,-0.05030574,0.3775499,-0.4954162,-0.30024576,-0.043951016,0.5227632,0.08833326,-0.4383597,-0.10894106,-0.78727746,0.15753603,0.030776083,0.13101666,-0.2982188
-0.17855458,-0.37026304,0.3827249,0.46724203,0.30579367,0.30666542,-0.0067119002,-0.30564833,0.6113757,0.11073609,-0.39580965,-0.044642404,-0.35225117,0.18583621,0.12264404,-0.22824934,0.08139546,-0.22581446,0.090325296,0.16383375,0.43088078,0.3738719,-0.14643657,0.29904553,-0.20027459,-0.36314535,0.022888724,0.3300389,-0.2112288,0.34542882,1.0285797,-0.0142535195,-0.46300897,-0.359843,0.12992331,0.675936,-0.24371944,-0.26976275,-0.18653733,-0.0361325,0.10169692,-0.056033477,-0.6570856,0.33079505,0.008949403,-0.4180501,0.38848957,-0.51875985,0.5760482,0.47720584,0.42828816,0.34178507,-0.0032332242,-0.63963515,0.18352695,0.49780422,-0.050666522,0.32399842,0.6339513,-0.036608443,-0.008934021,-0.8505137,0.27706334,-0.837474,0.09415111,0.14962415,0.15084925,-0.5813557,0.202242,0.19966517,0.020333208,0.5847727,0.2750689,-0.07426156,0.119031556,-0.23461188,-0.37003365,-0.35217834,-0.45846757,-0.026420183,-0.109432876,0.21805078,0.2876525,-0.46287048,0.3778039,0.236194,-0.110655084,-0.1357361,0.44358304,-0.8578699,-0.62030375,0.027484193,-0.01511865,0.16431141,-0.517894,0.39682913,-0.11447251,-0.1640257,-0.12168731,0.052872434,0.61353993,0.28713185,0.40145895,0.026006404,-0.008978128,0.40592796,0.26419878,0.11150653,0.39207083,-0.13101508,-0.12059752,0.17104459,-0.29621202,-0.20071882,-0.5459071,0.24165058,-0.55677605,0.5254933,0.5381719,0.0805009,0.0730494,0.31594306,0.15882319,-0.01585479,0.469606,-0.54838496,-0.21623868,-0.7265552
-0.03721498,0.22880638,-0.16221347,0.7573968,0.5710319,0.5329816,-0.10341272,-0.38077053,0.3333711,-0.25315315,0.021871403,0.3455705,-0.08224347,0.03791408,-0.29240713,0.23253539,-0.0061466023,0.06103892,0.03289133,0.22429407,-0.13417254,0.47059646,0.2517267,-0.010374602,0.5867482,-0.40708715,-0.22667988,-0.03180857,-0.19851393,-0.066711396,-0.13677043,0.31581444,-0.08489784,-0.34484965,0.6381197,0.48277852,0.111437865,-0.2932372,-0.06539258,0.20181417,0.16574061,-0.348459,-0.07135243,0.3198027,-0.045745805,0.36476502,-0.25150108,0.020225156,-0.16166167,-0.013957437,-0.15439704,0.1917413,0.24720784,0.036494557,-0.17830546,-0.057731025,0.3089859,0.46243823,-0.11026409,0.2955098,-0.24518627,-0.30495596,0.16410367,-0.11586363,-0.117529124,-0.20594251,0.18771002,-0.32503882,-0.4874102,0.1150724,0.535279,-0.4108723,0.18651786,-0.072388515,-0.48950857,0.18269552,0.3186384,0.06634265,-0.53983665,0.08806808,0.13287061,0.22266653,-0.35802925,0.21617499,0.741179,0.13082163,0.09206249,0.59563243,-0.23265743,-0.101820916,-0.09089072,-0.44556636,0.15784432,0.05064556,0.0167142,-0.045207813,-0.09124312,0.16262786,-0.2221769,0.41377094,-0.0055183917,-0.18992981,0.059844576,0.018109381,0.040879287,-0.49164605,-0.076089315,-0.14335732,-0.42513993,-0.01182843,-0.23662579,0.19198133,-0.39346385,-0.40931198,-0.16653728,-0.26459605,0.549944,-0.3546631,-0.110671654,0.08646964,0.39711213,-0.13548249,0.41486987,0.14840911,0.16974945,0.109560564,-0.010915846,0.11055817
-0.09878227,-0.028190374,-0.094435796,0.73132384,0.2294611,0.14328317,0.019808061,0.32148394,-0.38013488,-0.2924947,-0.15965706,-0.31672916,-0.24002998,0.2104277,-0.49413466,-0.14112833,0.011468478,-0.15779696,-0.18488286,-0.22153574,-0.21824174,-0.052337542,-0.11945404,0.28832734,0.25819057,-0.66447806,-0.068800315,0.2290616,-0.017617993,0.45031404,0.07569486,0.111592665,0.0917402,0.28086013,-0.023946058,0.5916488,-0.23716095,-0.03292373,0.04485384,-0.11297477,0.10794298,-0.1818961,0.28702617,0.37768158,-0.14552394,-0.36560816,-0.20953964,0.5660144,0.3965294,0.23951203,0.34709144,0.13829906,0.106470555,0.048036616,0.014152553,0.12502266,0.36611477,0.3048739,-0.27428132,0.06624338,0.159951,-0.406039,0.15885694,-0.43921226,0.57788384,0.5039634,0.14342302,-0.108181834,0.16257134,0.23195274,-0.505807,0.23521088,0.08774145,0.58835715,-0.15469475,-0.21130373,0.11249262,-0.18069845,-0.37856525,0.63747406,-0.2738962,-0.49115503,0.0120771825,-0.016001,0.4765063,0.5025953,-0.13441364,-0.13009375,-0.20801291,0.40069497,-0.2039337,-0.702159,-0.59997237,0.37352008,-0.36134422,0.17987528,-0.48485407,0.34032157,0.21635333,0.53072846,0.15206566,0.17071764,0.011307506,-0.10013068,-0.084032804,0.3847727,-0.044817414,0.17505735,0.22154714,-0.41641316,0.12769502,0.059455827,-0.053238586,0.29817456,-0.18049575,0.004356715,0.2091653,0.11926848,0.1262124,0.50856596,-0.6154721,0.14693776,-0.32567722,0.09655571,0.080502555,-0.41859642,-0.27278277,0.31340322
0.17825598,-0.100800484,0.18092442,-0.8978976,0.62659824,-0.2497024,-0.51273763,-0.15908822,-0.12463428,-0.24901253,-0.3037691,0.17214839,0.42939264,0.0526113,-0.34693658,0.18202397,-0.40816766,0.49275067,0.09620253,0.62085265,0.1563525,-0.19225343,-0.40542263,-0.03803549,0.5686124,-0.52284795,0.14609005,0.28906962,0.13465339,-0.23246083,-0.13899171,0.14491442,-0.21142045,0.12147421,0.058125205,-0.5416864,0.09498358,-0.4536404,-0.2072253,0.07655805,0.0015496463,-0.33098578,-0.22855556,-0.23455265,-0.20853555,0.20403871,0.2973436,-0.015746268,0.13682282,-0.16138019,-0.10590776,-0.13343053,-0.08965105,-0.053579997,0.045221835,0.046853535,-0.17033382,0.023999088,-0.0396024,0.29715377,-0.03901678,-0.5607798,-0.54413897,-0.35991505,-0.019819003,-0.013590492,-0.048955835,0.12331158,0.20837323,0.25624695,0.17527235,-0.12961625,-0.086336166,0.20630527,0.30941552,-0.57899344,-0.5124731,0.2874625,0.14908195,0.14601445,-0.12589198,-0.24550675,0.4947219,-0.06317602,-0.1393241,-0.40229455,0.31283394,0.10601323,0.115846075,0.2386261,-0.26020008,0.3639623,-0.08033504,-0.08231561,-0.2576272,-0.07176611,0.104911804,-0.20822804,0.13891762,0.7608795,-0.31315628,0.088374704,-0.16228704,-0.8882791,0.21404107,0.008224864,0.24109076,0.09701916,-0.554232,-0.14694442,0.14014357,0.18051101,0.14269319,-0.27334148,-0.61911637,0.059632964,-0.7533401,-0.20653206,0.22288555,-0.29650742,0.10707462,-0.35973835,-0.16750877,0.16323751,0.5141424,-0.18597502,-0.31097826,-0.21814764
0.049906697,-0.10132612,0.037431367,0.6501832,0.13343072,-0.17363942,-0.6341579,0.07671328,0.29963958,-0.26960552,-0.034097992,-0.011840798,-0.15296121,-0.4118218,0.09607453,-0.077871464,-0.15067385,-0.23308784,-0.11099957,-0.08562484,0.29507902,0.3374292,-0.2410097,0.12741461,-0.14165823,-0.00070176274,0.28763542,-0.060390286,-0.28586867,-0.12232298,0.09982278,-0.390826,-0.24321947,0.69183874,0.12617162,0.9757552,-0.057820644,-0.020746604,0.05169444,-0.31593925,0.105298415,0.40488207,-0.06064812,0.42601013,0.02647445,0.54815525,0.08197395,0.27716786,-0.26970926,0.23448649,0.07810261,0.11787772,0.45190802,0.021382634,0.38382283,0.05773665,0.13759807,0.05277048,0.16641448,-0.115643434,-0.22681184,0.45365712,-0.15973808,-0.19028859,-0.0562066,-0.2841412,0.23910886,-0.25757027,0.017065097,-0.17777818,-0.513288,0.08074489,-0.17470722,0.05218105,0.08641372,0.09629665,0.3183273,0.0040708035,-0.16370784,-0.08826083,-0.25947112,-0.1779536,-0.2010335,-0.15571281,-0.027148813,-0.08677046,-0.14692852,0.17020631,-0.052495155,0.027232483,0.38116145,-0.23068231,-0.5478487,-0.18181688,0.19099846,0.1880966,-0.5965147,0.08168796,0.47321552,0.14950043,-0.103319615,0.15903735,0.009280153,0.07750529,0.63470703,0.28978562,0.02924385,0.38292632,-0.22163765,-0.3112226,0.054993212,-0.17973323,-0.12313369,-0.45966613,-0.024140622,0.3721921,-0.08619442,-0.54233503,0.0736336,0.5286795,-0.24166141,0.18491998,0.058724932,0.7018037,0.2923782,-0.601805,0.2303159,-0.16744456
0.09560986,-0.26241782,-0.15250333,-0.09068873,-0.1332371,9.672344e-05,-0.11811323,-0.28127986,0.11663833,-0.5082192,-0.8888333,0.039450545,0.2709986,0.122716635,0.3079813,-0.22085376,0.0637497,-0.14162937,0.17463511,0.24892929,-0.03377735,0.26879913,0.15423015,0.20894115,-0.37612152,1.0241992,0.04904283,0.08499625,0.39601088,0.18008249,0.22735986,0.06984535,-0.5546029,0.12434896,0.5522862,-0.45240527,0.106880486,-0.38841885,0.5296171,-0.31759018,-0.22719043,-0.32144013,-0.088178284,-0.008238081,-0.31326333,-0.22742617,-0.008145167,-0.17828043,-0.036210783,-0.5370395,-0.12750867,0.03557635,0.4939567,0.18556729,-0.26099545,0.43427896,-0.1873991,-0.23805308,-0.123488635,0.1398636,-0.4500699,1.1041619,-0.21190442,-0.08684172,0.03590577,0.7108472,-0.14829598,0.01048125,-0.40294528,-0.069348425,0.06789181,-0.46861318,0.13955736,0.7139616,0.6842684,0.050998658,0.13679065,-0.41426295,0.5320502,-0.17509402,-0.14350525,-0.3357519,-0.55075586,-0.21180458,0.12014698,-0.3793615,-0.5594636,0.37956142,0.5950007,0.04040412,-0.3671354,0.10611574,0.094593495,-0.124752,0.076285854,-0.05149807,-0.07587353,-0.03527136,-0.34652883,-0.08989321,-0.38711765,-0.11700697,0.2728192,-0.61428815,0.817331,0.57226104,-0.33566228,0.133747,0.69398105,-0.2269882,0.27667817,-0.11119771,-0.22790717,-0.058101278,0.5451097,-0.06620462,0.348588,-0.28023905,-0.08192025,0.05499357,-0.29016465,-0.41389635,-0.243335,-0.4294955,0.5095885,0.72315335,0.3943106,0.27684784
-0.319652,-0.13962005,-0.23229814,-0.078975454,0.030060157,-0.2308002,0.017239578,0.10167857,0.6170334,-0.2822399,-0.020584641,0.12352116,0.35444054,-0.2686757,0.79122496,0.33774087,0.54947615,-0.14715871,0.46931452,0.039961085,-0.017038047,-0.48996982,0.23283125,-0.06356406,-0.5069783,0.26833063,0.15190548,0.11696262,0.1247504,-0.36770093,0.8497488,-0.09932256,0.08913471,0.09633711,-0.6079147,-0.8068545,-0.1662909,-0.013477299,0.18100813,0.066132955,-0.24067788,0.037108153,0.16927116,0.05165644,-0.1900536,0.03814594,-0.04373617,-0.0008271672,-0.2527483,0.21060807,-0.05618942,0.4145109,-0.48041272,-0.66714656,0.48987722,-0.16679218,0.16651236,-0.1790354,-0.12029795,0.31887424,0.14140245,1.02213,-0.5946491,-0.12538987,-0.37097162,-0.13266914,-0.51070124,-0.058392085,0.13051224,-0.4457842,-0.31854665,-0.31115377,0.08733963,-0.14726225,0.3004977,0.067751884,-0.16497946,0.10717088,0.16285259,-0.118556134,-0.011223167,-0.59441566,-0.2888497,0.1881835,0.28897467,0.42360425,-0.115531966,0.14585724,0.4891482,-0.0052139387,-0.02406793,-0.2303784,-0.08518517,0.1845493,-0.6017511,0.115259565,-0.033990815,-0.18246713,-0.48273313,-0.28410846,0.8104467,-0.08488473,0.34119028,0.013474137,0.072850205,0.28664276,0.054601304,0.32590288,-0.19516611,0.46901467,-0.17029005,0.18079564,0.17907457,0.44090042,-0.13272077,-0.8791281,-0.32242638,0.24415818,0.31233153,0.5240839,0.9379659,-0.31639493,0.07086684,-0.5607974,0.08175786,-0.34780002,0.045763895,-0.26703396
-0.403873,0.13315795,0.12449716,0.26073986,-0.17969218,-0.015939638,0.4989124,-0.38385195,-0.56745434,0.06960164,0.14544392,-0.024936523,-0.27714506,0.2115182,-0.15302303,0.44563776,-0.04997,0.06494317,-0.11026244,0.04351277,0.005050663,-0.6461689,0.19420214,-0.029951185,0.81631815,-0.8231995,0.215523,0.27077347,0.6361034,-0.062070906,0.6899481,0.047098532,-0.2119273,0.11938903,0.47005826,-0.043468058,0.28274813,0.37879944,0.28729227,0.16158205,-0.22549847,0.207971,-0.064622134,-0.22112744,0.4914816,0.06156823,0.01681254,-0.68800616,0.03162651,0.20873225,0.25377283,-0.0027502924,-0.2369267,-0.40423906,0.015582351,0.9772316,-0.27210972,-0.39258412,-0.08314744,-0.22724438,0.42648396,0.48516372,-0.15508954,-0.0050062537,0.51482356,-0.39618075,-0.05108304,-0.056515783,-0.0283367,-0.84359485,0.44888633,0.29711172,-0.3375391,0.29952288,0.0005597705,-0.3199662,-0.53721,0.14987203,-0.51621026,-0.6398319,-0.13842487,-0.39874387,-0.098112896,-0.24323502,0.37219557,0.515872,0.5239514,-0.7860757,-0.23740777,0.32884473,0.06619827,-0.4198659,0.054513328,-0.28914714,0.062120296,0.1286174,0.07679134,-0.06439016,-0.022529274,0.4532952,0.13560966,0.5191393,-0.38914838,-0.0923563,-0.31387174,0.40895653,-0.23106608,0.0067987293,0.06168385,0.5050227,0.36942118,-0.3557371,-0.16208898,0.055352837,-0.38030425,0.45409107,0.00910908,-0.20840931,0.11916092,0.18041372,0.6076883,0.61669576,-0.5116725,-0.7069185,-0.14911917,0.130855,0.3947235,0.26036316
-0.9119047,0.6656063,0.081870966,-0.26540273,0.16128753,-0.1965147,0.22940172,-0.5916485,0.107956946,-0.38265687,-0.5416722,-0.08031893,-0.42136565,0.95705783,-0.44552463,-0.3142934,0.21857536,-0.2913226,-0.0021155477,-0.5828897,0.41271615,-0.458566,0.21245538,-0.30496648,-0.8208248,0.29850468,-0.02733652,-0.764753,0.030221969,-0.26323658,0.94477016,0.0444214,-0.38397655,0.15559039,-0.20241988,0.2522231,0.10287258,0.765696,-0.48399472,0.058743745,-0.34006533,-0.16466826,-0.6261142,-0.612571,0.6069249,-0.049841985,0.42538184,-0.036657132,0.14348045,-0.4092786,-0.57100844,0.08579466,-0.38451564,0.71345866,-0.33733165,0.11421007,0.30502063,0.0039132014,0.40042377,-0.7734908,0.08238135,1.4094162,-0.2978134,0.005667001,0.02468577,-0.10498495,-0.2287796,0.5263143,-0.083922744,-0.4852538,0.24129528,-0.25791284,0.041026846,0.17800584,0.35648555,0.24408184,-0.2597502,-0.43690848,-0.25070307,-0.307509,0.1743944,-0.08956374,-0.075665936,-0.025333684,-0.1304608,0.4096454,-0.12755603,-0.50148106,-0.28662384,-0.1422285,0.54571605,0.29455227,-0.081418574,0.3768583,-0.25031763,0.1616634,-0.3265555,0.29222432,0.34881932,-0.4230494,0.08051881,0.25425845,0.26237023,-0.0162822,-0.0055276677,0.3787933,0.28375825,-0.111776374,-0.15515135,0.79025906,0.58288044,-0.06007062,0.31824064,-0.20583616,0.52238405,0.51077545,0.21067996,-0.3352707,0.6194744,-0.43236402,0.43335298,0.3911296,-0.51115763,-0.29789555,-0.08772038,0.24646997,-0.15732685,0.42745283
0.27323088,0.29916447,0.1794244,-0.39103442,0.82146597,0.11513024,0.00039319694,0.050211757,0.100078404,0.5117948,-0.019202918,-0.18670891,-0.12311466,-0.27476698,0.30431765,-0.41788006,-0.06828477,-0.41032434,0.21674153,0.11433464,-0.22816247,0.107968315,-0.35156497,-0.24371019,-0.1802658,-0.019321918,-0.23344491,-0.07523379,0.33128238,-0.31474507,0.24051541,-0.013260953,0.20222265,-0.48125598,-0.27167976,0.3281565,-0.24384339,0.09781723,0.120161384,-0.09172331,-0.40281957,0.31991628,0.017091531,-0.43303546,-0.22146755,-0.07206598,0.13599448,0.14568946,0.07896564,-0.31354356,-0.13215879,-0.11389335,-0.06550807,-0.12368427,0.11678843,0.16245735,-0.28671247,0.46298116,0.016007159,0.025868066,0.17524178,0.09760654,-0.60173583,-0.15196702,-0.10084785,0.3472736,0.12471581,0.085589975,0.28596944,-0.2711052,0.32271862,0.023453046,-0.15650587,-0.18682583,-0.12931854,0.056417845,-0.014622381,-0.13976172,-0.1564022,-0.21980086,0.12876037,0.1829955,0.3193349,0.25584328,-0.06517677,0.12358641,0.32978168,-0.07117301,0.6509994,-0.010095196,0.113341466,0.26148707,-0.023950983,-0.030091614,0.22214288,-0.1906299,0.10940102,0.081485875,0.11715713,-0.82494116,0.0024738535,-0.069631,-0.115331635,-0.05775544,-0.22109543,-0.2313046,0.17675595,0.3351832,0.03431437,-0.13498959,0.14616007,0.032516256,-0.07772945,0.36221972,0.061937425,-0.51541907,0.056155607,-0.029146746,-0.13101271,-0.10232723,-0.054038644,-0.2310963,0.4576032,-0.43486822,0.2988598,0.047404926,-0.10462348,-0.10958612
0.3230113,0.027283892,0.12827498,-0.448824,0.34133798,0.13391164,-0.1264757,-0.019347971,-0.27341986,-0.23517379,0.07772413,0.18024376,0.1858931,0.4508953,0.050206557,0.008269325,-0.03036224,-0.016769577,-0.1288931,-0.6575227,-0.00050698966,0.00856812,0.048926532,0.11109328,0.07915741,-0.15696827,0.21577466,-0.8077063,0.09473246,0.16214547,0.8099277,0.18770543,-0.23500396,-0.17762189,-0.109461665,-0.78693473,-0.07277855,-0.3864625,-0.056582097,-0.17022717,-0.2510511,-0.091418006,-0.28308544,-0.17327216,0.028180942,-0.5219996,-0.099559784,-0.036947228,-0.28970516,-0.4136681,-0.19278717,0.29696393,0.33330977,-0.48726928,-0.09358629,0.07887669,-0.11064295,-0.12383123,0.41349277,-0.20843129,0.08074627,-0.7473551,0.24852304,-0.005850114,-0.19663322,-0.14847192,0.5047125,-0.22059318,-0.04567352,0.016806845,-0.30047798,0.081372336,-0.15826422,0.01563004,0.20438135,-0.22774222,-0.29431278,-0.4676506,-0.22752301,0.2725038,0.26328686,0.008954644,-0.14578348,0.21423508,-0.55740696,-0.25099853,-0.21979216,-0.5725871,-0.02531445,-0.09489833,-0.58031386,0.13248594,-0.08225076,-0.02461918,0.42140988,-0.023503833,0.38896912,0.032648265,0.08508668,0.077108055,-0.13089304,-0.24717125,-0.15578376,-0.60994446,0.5444647,0.5054674,-0.36324042,-0.30334753,0.52322316,0.24039705,-0.22064064,0.29487452,-0.10099389,0.17337629,0.2040619,0.26146534,-0.19733019,0.25554857,-0.101499274,-0.086703464,0.07838809,0.91806555,0.053432338,0.057568267,0.19189,-0.1907812,-0.13759716,0.3025439
-0.08856721,-0.3525246,-0.113675475,-0.63973445,0.07448535,-0.08585882,0.116378725,-0.016341146,0.86906993,-0.72849244,0.14735356,-0.51069784,0.0860436,-0.0013560206,0.032083165,-0.71745265,-0.24408652,0.35566333,0.9935412,0.24556848,-0.020933371,0.23021248,0.10572032,0.07618541,-0.07890457,0.19392052,-0.0037768018,-0.015776187,0.355208,-0.23052166,0.33568633,-0.7146775,0.18004307,0.30669814,-0.26954773,-0.8723224,0.19556496,0.04794111,0.21803564,-0.24179459,0.25552976,-0.0074898526,-0.035434723,0.12905775,-0.3623585,-0.12650163,0.35959834,0.369933,-0.31216455,-0.24471793,-0.5698223,-0.17318082,-0.07777955,0.20611632,0.29310238,0.3644591,1.3157021,0.19953044,-0.31752503,-0.021712407,-0.4163062,-0.06337725,0.030675888,-0.23773535,0.15295488,-0.17813131,0.21324573,0.061756205,-0.040030606,-0.17377914,-0.3451379,0.24430344,-0.38712993,0.13034666,0.0047421474,0.14339,-0.5701911,0.17581165,-0.2163301,0.19132823,-0.025189647,-0.29561818,-0.2466454,0.06364406,0.13683611,-0.38642108,-0.24564946,0.26374826,-0.7361035,0.5297922,0.08419955,-0.1087007,0.16209388,0.29624963,0.0933315,-0.2564844,-0.45796877,-0.29358473,0.60774744,0.7378793,-0.7504188,-0.8923526,0.31306174,0.28579912,0.25773114,-0.17673644,0.51104105,0.47844154,-0.037893362,0.39174187,0.80785257,-0.28487852,0.3580541,-0.27290684,-0.71713924,0.02885124,-0.21667495,-0.105238505,0.3444863,-0.5609578,-0.36704987,-0.03617303,0.3380615,-0.08752428,0.06121847,-0.19603452,0.19559315,-0.19167413
-0.52582145,-0.032054875,-0.36453614,0.08193527,0.7806679,0.74342155,-0.17027456,-0.44297573,0.8172434,0.26708347,-0.47675127,0.36132553,0.5545116,0.5664856,0.013330281,1.2691034,0.65157974,-0.53542286,0.21024263,0.311126,0.6285403,-0.00771931,0.73180795,-0.26328468,0.5889429,-0.063743174,0.014867163,0.5599004,-0.4317999,0.37107074,0.47385538,-0.17669317,-0.3573269,-0.55993116,0.118928775,0.46253714,-0.02210109,-0.2898381,-0.6180723,-0.17277773,0.43275586,-0.10157932,0.33217096,-0.8552322,0.08243,-0.48551348,0.14128326,-0.017637547,0.7106359,0.020478275,0.55385625,0.24437235,-0.7340566,0.51898205,0.7934924,0.44868734,1.51119,-0.39007646,0.082067706,-0.5274123,-0.4935524,-0.34106916,0.11321125,-0.08731675,0.71612865,0.10304484,-0.6727019,-0.40514913,0.25321114,0.3934356,-0.14090028,0.03388619,-0.6237905,-0.2545942,0.11630609,-0.046387654,1.0347981,-0.1483334,-0.62920386,0.45501912,-0.88911575,-0.027050715,0.063081115,0.37425002,-0.39746803,0.122319765,-1.1936439,-0.79181653,-0.09301106,0.13991606,0.11966177,-0.7290632,0.33142713,-0.117822796,-0.74061316,-0.62513304,-0.42790177,-0.041893683,-0.35972938,-0.16083074,-0.14223579,0.48774043,-0.09040931,-0.4864828,-0.8622692,-0.05195543,0.21254545,-0.09707517,-0.07709953,-0.35559246,-0.38379282,-0.45226288,-0.28527978,0.40341046,-0.50339204,-0.4061157,-0.21868171,0.8960037,-0.66734254,-0.043526962,-0.6909609,-0.109012574,0.15053886,-0.30830103,-0.1220353,0.12150834,0.023085348,-0.14450645
-0.11522815,-0.23313326,0.44068283,0.6308211,0.31592658,-0.013177007,0.06348602,0.03887901,-0.015453646,0.015336484,0.06310321,-0.071549125,0.24372643,-0.082273945,-0.1147938,-0.11804668,-0.2875885,-0.23001984,-0.0997916,-0.028558254,-0.05365007,-0.5006009,0.8527132,0.4030731,-0.111294575,0.049644604,0.25608325,0.38844633,-0.45871595,-0.08441383,0.18439911,-0.015496194,-0.17849745,0.5180211,0.28718328,0.79153204,0.38127792,-0.058813617,0.1507428,-0.047500327,0.3026228,-0.95631534,-0.25456044,-0.22080491,-0.20540807,-0.6684768,0.08565129,0.35036725,0.2519027,0.3552361,0.6231632,-0.15041435,0.4793126,-0.09954136,0.48023444,-0.20476694,0.29377764,0.34006554,-0.02795727,0.015701395,-0.26738888,-0.13256332,0.3863657,0.026266295,0.18779165,-0.40495613,0.011882736,-0.2405058,-0.10091306,0.031333987,0.2838289,-0.49132472,-0.53607094,0.6331723,-0.033336945,0.0020184647,0.15149003,-0.41354457,-0.41116208,-0.5378753,-0.14948359,0.10109781,-0.4594147,-0.06681305,-0.390624,-0.091214836,0.40916598,-0.22836216,-0.08211821,-0.26609847,0.19191726,-0.107907206,-0.014712026,0.6127178,-0.4220363,-0.25253403,-0.07949597,0.42139238,0.46638563,0.57448816,0.016986355,-0.014580451,0.083211444,-0.110680014,-0.6565121,-0.023165181,0.070092075,0.37962216,0.17967345,-0.08238502,0.19517061,-0.24777383,-0.3388677,-0.17327657,0.051641308,0.01715137,-0.17518634,-0.32881317,-0.17681168,0.25284177,0.036529206,-0.21319483,0.14322329,-0.17735288,-0.06634875,-0.32829535,0.52379584,-0.3090771
0.12558162,0.4111218,0.37741366,-0.19862278,-0.16281942,-0.022432389,-0.5959125,-0.0072091864,-0.73074555,-0.23848602,0.30496183,-0.12407137,0.6176096,-0.10291697,0.13578427,0.2583044,0.005853027,0.32010803,-0.20471644,0.22978318,-0.14240113,-0.23493049,0.015141252,0.23356354,-0.79341745,-0.3630741,-0.066097245,-0.25260544,0.326277,0.19050547,0.6817113,-0.222879,0.13181904,0.1831927,0.12301235,-0.23577026,-0.969484,0.27412832,0.3238644,-0.2026853,-0.39086115,0.28851038,0.29500452,0.43987167,0.040746246,-0.057668053,-0.18533927,0.17010024,-0.015276372,-0.31075746,0.0013832264,-0.32154882,-0.61849236,0.100383095,0.1871476,-0.0066020438,0.23181763,-0.19774178,0.3286179,-0.03525257,0.27737963,-0.72118264,-0.019240662,-0.2759313,0.27535036,0.41085804,0.19508076,-0.2932189,-0.12506102,0.34379786,-0.31974673,0.15531453,-0.240106,0.15778159,0.0041591823,-0.07484086,0.24353601,0.31806242,-0.29877728,-0.5391678,-0.17785484,0.06344254,0.08666335,-0.55481315,-0.65930426,-0.3734263,0.22393686,-0.493434,0.0046538413,0.013811204,-0.24321127,0.1613493,-0.2819228,0.36688966,0.17598987,-0.41578835,0.2759347,-0.7620479,-0.14639634,0.18780366,0.3580008,-0.3390407,0.32854956,0.4005782,-0.10462103,-0.15744188,-0.5725847,-0.0964589,0.19269088,-0.079582214,-0.36682284,-0.5165651,0.05057815,-0.10344595,0.48151273,-0.565627,0.3897014,0.24421784,-0.023323964,0.27935588,0.23418897,-0.07004732,0.1422808,0.47120363,0.31198642,-0.0615984,0.11158174,-0.16512994
0.0141114555,0.062531725,-0.23096816,-0.1396658,0.38349003,-0.09221216,0.5058446,0.09484789,0.15963581,-0.012731791,0.16813245,0.0061182342,-0.14675899,0.011873171,0.18660508,-0.37708047,0.2500519,-0.25522244,-0.06299529,0.14471595,0.046809725,0.22245811,-0.3463538,-0.23502508,0.039346665,0.0015862063,0.2838146,0.04429072,0.28091466,-0.013411924,0.29784536,-0.018340329,0.3227566,0.3068676,-0.13481021,-0.06755676,-0.15303367,-0.38398677,-0.08132386,0.090797074,0.032119878,0.27552786,0.17641464,0.4078005,-0.52539515,0.11196088,-0.4368227,0.3194072,-0.19486527,-0.40162817,0.026477238,-0.5303477,0.0263477,-0.27921736,0.0033003166,0.28741258,0.033104934,-0.32542205,0.15588143,0.23711753,0.05495926,-1.0771059,0.5085527,-0.38423046,0.047784768,0.22019133,-0.08123748,0.014388874,0.019682419,0.22447088,0.1237826,-0.07501575,-0.2643273,0.20586812,-0.5645896,-0.10833382,-0.054568887,0.14439145,0.39395764,-0.068297654,0.40705538,0.47326627,0.19234584,0.10244261,0.08083459,0.069401264,0.102693535,-0.36947954,-0.19244817,0.1162951,-0.35910663,-0.4169023,0.1927709,0.17439047,0.010469347,0.21245724,0.44102335,0.2250745,0.2191612,0.24883136,-0.07227337,0.25149,-0.015191428,0.20799392,-0.10938114,0.0370846,0.36371514,0.114216655,0.32441878,0.20398644,-0.21920753,0.13023305,-0.6486167,-0.29899004,0.48238295,0.20027184,0.13372238,0.4675216,-0.25059265,-0.049667433,0.3266196,-0.22731876,0.14637104,-0.30475152,-0.07721035,0.38370627,0.068485945,-0.6042046
-0.48737076,0.123135425,-0.36497644,-0.15295282,-0.42693254,0.42429626,-0.08884885,0.023171011,0.038552932,-0.48716614,0.2852325,-0.108466156,-0.12742081,-0.08176513,0.211319,0.11921168,0.23149677,-0.068623334,-0.1630828,0.13865565,0.14153595,-0.16641173,0.35896534,-0.029856853,-0.40392482,0.23700777,-0.009316701,-0.06157732,0.39178288,0.104568586,0.77734464,0.14578992,-0.45209664,0.049848787,-0.13908127,-0.95467055,0.16403641,-0.2107706,-0.34269655,-0.5304144,0.0016897097,-0.14637338,0.06879221,0.10291317,-0.17633472,-0.09816614,-0.093472525,-0.21326563,-0.20088391,0.39947188,0.012913917,-0.07929367,0.2676674,-0.0013304353,-0.034123674,0.11671077,0.07460147,-0.06465316,-0.06719709,0.21788739,0.046648894,1.354529,0.35984778,0.07830038,0.5339105,0.108311266,0.20811477,0.36372018,-0.06840733,0.24442801,-0.1806526,0.27460265,-0.03570952,0.19089751,-0.1342576,-0.28159404,-0.38716835,-0.4375352,-0.16946541,-0.051108602,0.043564215,-0.08471401,-0.13589558,-0.13203353,0.31957078,0.22989999,0.1704639,0.044795364,0.19762632,0.13920684,0.26052627,-0.0070836097,-0.2673546,0.07357857,0.1262933,0.25970194,-0.1625838,0.10804792,0.12228234,0.11560206,0.006029375,0.023832496,-0.05041039,-0.021823287,0.42404443,0.37754905,-0.46915817,0.04284544,-0.09660713,-0.04173769,0.15466851,0.077488564,0.26359266,-0.08541676,-0.15163471,0.075896874,0.2994787,-0.16306901,0.29388154,0.37438366,0.37078774,0.08135002,-0.32387805,-1.2468251,-0.47753948,0.4040204,0.28722227,0.18368264
-0.28691188,-0.21680245,0.052069597,0.6871871,0.32648808,0.2494843,0.15441713,-0.50443095,0.015861794,-0.14323097,0.26122102,-0.3106176,0.35749888,0.06511949,-0.3014118,0.056318246,0.2650451,0.38628545,-0.40143567,-0.052922927,-0.03747583,0.39386642,0.42210174,0.00084108114,-0.358997,0.39066947,-0.5613812,0.02252722,0.049727503,0.27736846,0.21182296,0.5177233,-0.7106014,0.23032948,0.2072964,0.3397454,0.1534098,0.36171195,0.3027173,0.25466967,-0.25661764,-0.08300206,0.09008399,0.06444425,-0.20545165,0.06999069,0.25026008,-0.11549123,0.23272441,-0.6408571,0.33678484,0.38139176,-0.11040032,-0.3277943,-0.34235388,-0.6064084,0.14803843,0.08832337,-0.084502995,-0.48995784,-0.36156836,-0.34911644,0.21328545,-0.097703926,-0.28067315,-0.16301881,0.31452075,-0.14744133,0.24468899,-0.332607,0.10054213,0.40395418,-0.4003203,-0.14664315,-0.1892713,-0.025973983,0.44110912,-0.1768145,0.011399761,0.24593809,0.36034024,0.35379598,-0.04765018,-0.08543022,0.51449394,0.13196407,-0.32938522,0.6093591,0.22994849,-0.136757,0.51713234,-0.31538835,-0.32755885,0.24544483,-0.36051655,-0.12650043,-0.41723934,0.14788494,-0.13856372,0.46445078,0.5313927,-0.11246284,-0.5924963,0.0636368,0.06798269,0.24787013,-0.13681033,0.36321586,0.055686876,0.6895345,-0.123753145,-0.19015959,-0.084169224,-0.06376208,0.091991656,-0.4159342,-0.5958658,0.067659296,0.517076,0.5760046,-0.18261503,0.013911173,-0.14170882,0.2948585,0.46688506,-0.026494248,0.2377133,0.01985346
-0.1592674,-0.29933292,-0.89801526,0.097850636,0.39319924,0.027178466,0.36162582,-0.12523916,0.012396932,-0.63541245,-0.1810533,0.42412105,-0.17216882,0.26205838,0.30286318,-0.62764597,-0.013802528,0.29461384,0.18965057,0.102012105,-0.0532362,-0.32812715,0.10436152,-0.35216388,-0.1255193,0.5680212,-0.31100142,-0.026099667,0.5402253,-0.30653638,0.24671608,-0.36115637,0.7123696,-0.08275977,-0.35012636,0.11655411,-0.15228842,-0.15106025,0.23308828,-0.09713962,0.35458452,0.45032287,-0.45208353,-0.08611488,-0.13111535,0.56020147,-0.8656895,0.043016,0.09133796,-0.77135,-0.136105,0.2884292,-0.15883322,-0.030289643,0.27250472,0.40914193,0.043410666,-0.23099984,-0.49692032,-0.33243692,0.015694704,1.0615205,0.045764744,0.5741708,0.0021416768,-0.24190854,0.013350133,0.21950379,0.23742239,-0.47980607,0.8156423,-0.16290486,0.55962014,-0.09762362,-0.22322549,-0.4416629,-0.18734607,-0.5241411,-0.38309804,-0.33148196,0.26523158,0.080857724,0.43692455,0.42320007,0.21242523,0.2330347,0.02115034,-0.07463512,0.28617072,-0.44402218,-0.18984328,-0.12672651,-0.20695964,0.16495505,0.19610107,0.60134107,0.031570014,-0.23537308,-0.19420123,-0.19593854,-0.46989816,-0.31931368,-0.25167722,0.6404761,-0.3181939,-0.09276186,-0.039995085,-0.13072684,0.35183614,-0.32772523,-0.31047428,0.08584593,0.13664272,0.3573243,0.25070095,-0.22569393,0.4030257,-0.08968423,0.058561504,0.25208786,0.10489735,-0.0133430585,-0.1551101,-0.7684989,0.07029786,0.37318733,-0.6733107,-0.6648214
-0.25431755,-0.32716957,-0.61850345,-0.3820722,-0.005945526,0.17768838,-0.3713612,0.07629484,0.5565567,-0.17686442,-0.38178366,-0.1582451,-0.23316982,0.45697704,-0.07806202,0.21628515,0.23831965,0.29659152,-0.050097868,0.41578105,0.41801158,-0.15649858,0.12739243,-0.11178079,0.065644,0.41252774,-0.01090925,0.25028828,-0.10157874,0.2578281,0.35174543,0.07738073,-0.5828583,0.122132964,0.039270468,-0.09652057,0.13618961,-0.6297271,0.32531956,-0.17901288,0.22269943,-0.12459041,-0.55182165,-0.32442993,-0.09662561,0.49501535,0.29122156,0.028106548,-0.16566682,-0.5560166,0.4752756,-0.1726067,0.20519358,0.16569762,-0.10730953,-0.0012578815,0.071004525,-0.48810935,0.13455042,-0.058230504,0.3080037,0.6585968,0.23305911,-0.07538472,0.26175952,0.7309184,0.28355426,-0.4053839,0.048276443,-0.012557924,0.35464668,0.092620246,-0.48961583,0.27787992,-0.30855325,-0.46834677,0.2015906,-1.230598,0.4988537,-0.6830288,-0.028091207,-0.5830215,-0.28565305,0.013295233,-0.09881772,-0.64840436,-0.22843361,0.20308183,-0.29791147,-0.31016913,-0.38124308,-0.4190174,0.5237628,0.17517093,0.00220038,-0.31368423,-0.07845487,0.45350942,-0.26858917,0.06625709,0.357543,-0.2895443,0.22123663,-0.009545606,0.46516073,-0.2610585,-0.24502441,-0.009572007,0.38457483,0.174532,-0.009055033,0.007167544,0.08963467,0.43140906,0.049176313,0.52806795,-0.08839235,0.059952423,0.45353046,0.3673087,-0.10264984,0.29235736,-0.04551385,-0.06425911,-0.63342357,0.16800848,0.25051126,0.351567
-0.30850014,-0.08853157,-0.340988,-0.067906946,-0.21309423,0.27253494,0.064111635,0.13545913,-0.054414377,-0.27877322,-0.13032547,-0.12317613,-0.27035618,-0.13278319,0.095887795,-0.19578806,0.48244584,-0.18065646,0.018107576,0.10781439,-0.65432614,0.26456726,0.5435624,-0.15170194,-0.2531855,0.40858892,-0.43321463,0.5438884,-0.16089825,0.054028064,0.5512248,0.08925533,-0.18611476,-0.48051137,0.042912517,-0.24254635,-0.24307539,0.51274574,-0.022066593,0.26222143,-0.2039051,-0.44179302,-0.13055539,0.22644386,0.08478448,-0.60182106,0.038059987,0.15530157,0.44846165,-0.22953293,-0.71470994,-0.05636653,0.17506175,0.31967136,0.23867032,0.43830723,0.15173274,-0.028859679,-0.25701976,-0.47401115,0.16766235,0.9597011,0.17136419,0.21217477,0.5808207,0.058181893,0.2608667,-0.18293616,-0.2214057,-0.3014355,0.3248422,0.49871504,-0.4847936,-0.07366501,0.12703407,-0.51264274,0.389002,-0.45679033,-0.2655586,0.1881086,-0.4611607,-0.33727986,0.40135324,-0.31450716,0.30851203,0.5077454,0.09318112,-0.3775076,0.27601188,0.23266661,0.38608104,0.20079947,0.31331056,-0.296164,-0.32705548,0.1678887,-0.24894068,0.065206334,-0.4233061,-0.4006325,0.45196435,0.13629413,0.4636872,0.034516606,-0.16375941,0.33644465,0.17264944,-0.6388088,0.06527335,0.053323448,0.53696537,0.0056522973,-0.47000197,0.33887285,-0.067057855,-0.016057527,0.7015099,0.3877626,0.33277255,0.015445823,0.5831805,0.30273306,0.0037906468,-0.84712887,-0.06581865,0.29219937,-0.0060613304,-0.059666656
-0.2670675,0.07574127,-0.29043198,0.1683593,-0.5110339,0.19131774,0.21104613,0.16763885,-0.25669295,0.120922565,-0.015570324,0.064272925,-0.1068179,0.051841874,-0.20360154,0.57552433,0.21026322,-0.2906587,-0.17495888,0.29407206,-0.03563969,0.09867077,0.48065466,0.07798717,0.55927604,0.38258815,-0.15513559,-0.33536106,0.0011583269,0.46861613,0.7679163,0.053183742,0.68058443,-0.19571285,-0.5072733,-0.38814986,0.3648188,-0.214452,-0.23530439,-0.39069408,0.6409853,0.19413564,0.35258344,0.08543037,-0.32027894,0.14269042,0.3578629,0.15450531,-0.56276584,-0.014657319,-0.11341859,0.47332853,0.51870793,-0.32241952,0.37356603,-0.18810286,0.035470728,-0.041667398,0.0083709415,0.34316456,0.3395157,0.6753259,0.5546938,0.0055377036,0.62411344,-0.19836578,0.016090583,0.090028375,0.21267994,-0.08450058,-0.01657316,0.16805291,-0.21284589,-0.18976042,-0.14089079,0.33451653,0.54336613,-0.14736295,0.013212904,0.6131989,0.15140057,-0.7226954,-0.28776798,-0.4591179,0.51729256,0.3687035,0.0902928,-0.23010835,-0.01667103,0.17346932,0.29379702,0.17160097,0.03896597,-0.25432184,-0.16473095,0.24075146,-0.024646394,0.1809411,0.38320434,0.35891727,0.5702603,0.026650153,0.10384552,0.3729549,-0.0065692514,0.0887205,-0.29594204,-0.15036038,-0.29615274,-0.14416966,-0.5139224,0.25765324,-0.05882731,0.09083576,-0.12978694,-0.04078352,0.289112,0.24223517,0.40180922,0.34683207,0.07107904,-0.24184865,0.04802391,-0.91682917,-0.07641209,-0.11772922,-0.32188886,0.23657009
0.08080099,-0.024069749,0.0014090389,0.08377661,-0.2068401,0.7750591,0.17630774,-0.046426173,0.080326535,0.2183464,-0.65733206,0.60416913,0.059645504,-0.43609732,-0.1352721,-0.31231406,0.7203907,-0.11507663,0.20902723,-0.09887898,0.28489488,-0.34950578,0.29830664,0.23443261,0.18601525,-0.11500555,-0.42802995,-0.17901602,-0.11875239,-0.27588737,0.5223879,0.012879634,0.32485893,-0.17972764,0.122960605,-0.31970486,-0.52071947,0.05441986,0.12717862,-0.2628903,-0.3797536,-0.36423153,-0.03894841,0.23287687,0.122356325,-0.40353817,-0.009183881,-0.3270151,0.068673626,-0.34371832,-0.120973766,-0.1539218,0.40924376,-0.047676787,0.25773123,0.31106094,0.21688399,-0.051030457,-0.06287156,-0.14366405,0.13280785,1.1780094,0.22376561,0.20076017,0.43501705,-0.070244685,-0.0029660203,0.32877135,-0.09910855,-0.4924373,0.039964467,0.06423515,-0.020453017,0.33811772,0.026531093,-0.1274209,0.037511714,-0.37015018,-0.08302303,0.866334,-0.31341735,-0.19609222,0.48014164,-0.3999851,0.86607504,0.34555882,-0.6724147,-0.24512406,0.64036065,0.2916723,0.27453902,-0.0941953,-0.44831428,0.3295669,0.3177858,-0.07449066,0.44108248,0.19409141,0.44244182,0.067186914,0.543592,-0.45438224,-0.12938632,-0.06605993,0.28143948,0.7931957,-0.30242717,0.14537679,0.20527758,-0.023057902,-0.10910548,-0.2772051,0.32943767,0.008495502,0.15648285,0.53448546,0.2305589,-0.031556293,0.41463295,-0.19596265,0.06566602,0.38727146,0.13189131,-1.1249182,0.011964038,0.017640889,-0.22766668,0.33120084
0.35128596,-0.3803258,0.04890181,0.12172121,-0.50339884,0.013975546,0.29566488,-0.28401518,0.5013194,0.33888513,0.7886725,0.17824309,0.12685357,-0.06455768,0.18657777,0.04409091,0.56625855,0.06943538,0.19888233,-0.61360943,0.8582474,0.25075674,0.20930016,0.81298167,0.20906734,-0.6734234,0.05564709,0.2658137,0.071000665,0.5484632,0.046378344,0.62754756,0.13387072,0.036222283,0.27544063,-0.74780315,0.4052548,-0.09688659,-0.25989413,-0.4145357,-0.43830097,0.003786344,-0.3362583,0.7199471,0.13871744,0.28147656,0.0019473289,-0.39264756,-0.29123455,0.3474831,0.17923824,0.28317082,0.012984987,0.4090474,-0.25010723,-0.07236743,-0.3019532,-0.16575786,-0.0010397173,0.2503254,-0.14919035,0.6339544,0.5221262,0.2807005,-0.128279,-0.05875485,0.318246,0.52907616,0.14208582,0.5968677,-0.34325713,-0.021741062,-0.22032201,0.67566633,0.017946048,0.30108452,-0.03442641,0.3211257,-0.023463301,-0.03625913,0.39469728,-0.20306246,-0.37132192,0.13230702,0.30372787,-0.122264065,0.2141304,-0.27074894,-0.048982818,-0.09927043,-0.6755542,-0.4933383,0.63365185,0.16178897,0.0063749105,0.3341455,-0.49071783,0.10341059,0.5235997,-0.02089107,-0.051811434,0.30358154,0.6050515,-0.025424253,0.16913116,0.102555,-0.10177447,0.2139222,0.075974286,-0.047026783,0.42328334,0.14158653,1.0491091,-0.21148947,-0.12871273,0.57310647,0.03844153,-0.6040492,-0.34577197,0.6158619,-0.1211822,0.37880424,0.20137134,-1.1461127,-0.08367173,0.06487831,0.33452272,-0.23038495
-0.018864311,0.043554805,-0.51364166,0.0051926225,-0.48672548,-0.5546315,0.24953522,0.05569555,-0.081707165,-0.7249113,0.39403585,0.19783174,-0.22891264,-0.45981038,0.028281376,-0.161485,1.1854529,0.28764987,-0.17288004,-0.7196139,0.085899174,0.1160275,-0.073668,-0.3143645,-0.49902228,-0.4583186,-0.067929074,0.12779535,-0.053492256,0.25294566,0.40361777,-0.06366795,-0.18179226,-0.24267735,-0.32587498,-0.7807421,0.3878768,0.42706582,0.39518976,-0.35312566,-0.44595993,-0.28280672,-0.28911948,0.19555762,0.0075158104,-0.048459813,0.09909734,-0.059361674,0.30471167,0.355162,0.33869034,0.08650608,-0.14396462,0.17880034,0.14653394,0.35810894,-0.12590924,0.21851893,0.71483785,0.07590191,-0.27864286,0.8547398,-0.19104677,-0.0054247957,0.30580992,-0.3884388,-0.33130533,0.24198411,-0.15601136,0.034284487,-0.25895673,-0.089702986,-0.486277,0.20135748,-0.51110977,0.15067059,0.24661402,0.10723442,-0.14603227,0.114867695,-0.027225077,0.15608162,0.067097425,-0.06596194,0.12991814,-0.14091516,0.18857864,-0.49443272,-0.44944263,0.39194274,0.70381266,-0.42017975,0.2788189,-0.121424645,0.34118503,-0.17999342,-0.053080343,-0.24509981,0.103308894,0.4280518,0.09555666,0.23055154,-0.18595111,-0.2646058,0.281795,0.40360555,0.11871344,-0.52623826,-0.17770883,-0.19676912,-0.042873114,-0.2806282,0.2580779,-0.072819375,-0.5794885,-0.11079572,0.20060062,0.15517697,0.09098387,0.08738203,0.28373125,0.27385536,-0.64503795,-1.2736478,-0.18563153,0.045693684,0.18767737,-0.050412267
0.045701403,0.13269843,-0.011286296,0.22235353,-0.14845674,0.3535069,0.33753338,-0.5232743,-0.12094925,-0.0986999,0.3113451,0.014463529,-0.13982576,-0.44933885,0.34770408,0.0439806,-0.2791672,0.7664726,-0.092313334,-0.3647772,-0.0005220007,-0.5190471,0.0044768825,0.43527365,-0.2610715,0.1401324,-0.26357138,-0.5426233,0.13162173,-0.37725708,0.40695792,0.35800737,-0.05282124,-0.28540334,0.023322746,-0.4363559,-0.57120836,0.34903783,0.36045358,0.27255034,-0.3500776,-0.18848962,0.088721775,0.26243132,-0.053711288,-0.08274335,-0.6008762,0.15604174,-0.20158003,-0.5569516,0.31507552,-0.2870371,-0.13689128,0.1622284,-0.05610422,-0.36259022,0.10833976,0.14170611,-0.0758079,0.49468547,-0.24219896,-0.4251178,0.3779323,0.13123861,0.0045187026,-0.104145855,-0.20278153,0.6151869,-0.09611599,-0.38209328,-0.034010235,-0.16530555,0.34073776,-0.33165747,-0.8209973,0.26367193,-0.13679263,-0.18584868,0.1899515,-0.08663603,0.32499796,0.3626403,-0.73637027,0.7207766,0.053254694,0.074561164,0.36456203,-0.16139746,-0.068247154,0.40601993,-0.3351958,0.24938326,-0.03095819,0.25024256,0.023617594,0.5790178,0.13316382,-0.03405942,0.1393314,0.8326343,0.096159615,0.028403368,-0.5494821,-0.49565896,0.23598945,0.16095889,-0.13192712,-0.11499077,0.10957242,0.7490474,0.38186803,0.065944865,0.08415136,-0.5677012,0.3116055,0.13224752,-0.26776078,-0.39478233,0.14558983,0.0014725327,0.3424814,0.5191756,-0.36010563,0.36507323,0.11331926,-0.4009875,-0.24664304,-0.30421638
0.12530103,0.7329154,0.57974166,0.11596802,-0.03547288,0.17982781,0.36675555,-1.0940607,0.051444486,0.026851416,0.13358171,0.63085544,0.07086484,0.16929492,0.32253996,-0.30783984,0.09969884,0.12456707,-0.76077527,-0.20509057,-0.6157443,0.09588185,0.054986738,0.69704276,-0.043198466,-0.2754093,-0.38549232,-0.7306866,0.08890265,-0.31805608,0.9241475,-0.065862715,-0.14335562,0.07766278,-0.08141509,-0.9140141,-0.873919,0.81790036,0.19128703,0.099741,0.1880971,0.36766574,-0.17264774,-0.5120715,-0.6064805,-0.14147484,-0.5812062,0.018682772,-0.13325378,-0.2810923,-0.023807846,0.03708772,-0.115062356,0.6309261,-0.064516306,0.5513831,-0.33909163,1.0948555,-0.11625564,0.1344119,0.67653674,-0.57766306,0.7660736,-0.19025224,0.4639826,0.25155312,0.31304243,-0.3338143,0.6048261,0.535852,-0.23098457,-0.92128104,0.31729764,0.053998366,-0.532825,-0.6954888,-0.2238686,-0.17512497,-0.49561086,-0.49527788,-0.10467973,-0.21205059,0.5685069,0.5344192,0.4502688,-0.6631715,0.4422778,-0.11612644,-0.0490932,0.23941985,-0.14231403,-0.9376069,-0.26673278,-0.10039684,0.9840743,0.64497334,0.8289372,0.0376072,-0.3933221,0.5382893,0.6334363,0.30980757,-0.5484386,0.72542834,0.044259463,0.21636556,-0.27421063,0.07555053,-0.46722713,0.67640156,-0.1297985,0.17961587,-0.2062665,0.2488678,-0.15783605,-0.5505569,0.1521798,-0.24041024,0.1495015,-0.45916444,0.2721352,0.24218327,0.065520674,0.412162,0.39588195,-0.5083201,-0.2887084,-0.0025935832
-0.11340194,-0.05582328,-0.5018588,-0.042903956,0.21154302,0.3232305,0.3122664,-0.1974361,-0.5390192,0.28397426,0.029969186,-0.26410538,-0.1178679,0.42038473,-0.25693914,-0.17368484,0.20959134,-0.12965584,-0.047961183,-0.33027577,-0.17856969,-0.056588396,-0.0057081208,-0.06360438,-0.1923849,0.11478809,0.2782143,-0.59885216,-0.86930424,0.11998543,0.3992533,0.28357327,-0.15574336,0.70876706,0.33073536,-0.5433385,-0.57162225,0.0010465123,-0.04425645,0.21271035,-0.6725454,0.10845058,0.13845165,-0.31389397,0.10810068,-0.3044182,0.21170813,0.13242722,-0.2750364,-0.5243974,0.3741609,0.12755701,-0.63136613,-0.53633666,-0.24128783,0.008778873,-0.7314951,0.2872936,-0.066750765,-0.17795195,-0.061969884,-1.0051488,0.5287757,-0.5468655,0.9048527,0.15594137,0.101010285,0.06793514,0.6227871,-0.093502246,-0.42596555,-0.255185,0.116001934,0.05423873,0.10736027,0.06638477,0.04422279,-0.020715192,-0.15461494,-0.21831362,-0.0059716254,-0.043785304,-0.26545966,-0.2677377,-0.4084631,0.36756465,0.060132,0.25683033,0.015578747,0.22007164,0.29322636,0.054329485,-0.067732364,-0.008600861,0.15654919,-0.48877105,-0.682137,-0.48643276,-0.2119316,0.5268928,-0.13899875,-0.30355257,0.13040309,-0.12226188,0.014868483,0.016335031,-0.11131761,0.21503621,-0.22595266,0.22939324,0.07510729,0.31790325,0.124629155,-0.018717933,-0.0978307,-0.22727095,-0.10095002,-0.2786132,0.0029349327,0.26218808,0.50409734,0.26843813,1.1023731,0.40740788,0.6647128,-0.09489751,-0.24822463,0.2930312
-0.11314926,-0.5920964,0.035926588,0.3822793,0.56154346,-0.36449808,0.33973545,0.32364348,-0.6042304,0.13891438,0.4188342,0.38485798,-0.18194789,0.40050828,-0.013136525,-0.09141591,-0.15859528,-0.013275192,0.24620955,-0.05482775,-0.4031912,0.21755174,0.47551197,0.12473143,-0.6039879,-0.3069019,-0.50215614,-0.61455804,0.21262193,1.0730442,-0.359455,0.02373226,-0.19984998,-0.17273878,0.3498271,0.22342573,-0.57956386,0.7157953,-0.30174083,0.2398695,0.6070096,-0.13344721,0.22957042,-0.22580099,0.595439,0.9620425,-0.108119056,-0.0141306,0.21387468,-0.06389269,-0.099067196,0.17656937,0.2264757,-0.23108059,0.37557888,0.44097254,-0.2740219,0.4248178,0.104411304,0.96638983,0.37231135,-0.28031558,0.094674334,-0.0967879,0.08532782,0.033754982,-0.2599029,0.046636995,-0.011270896,0.12333475,0.2361004,0.017122528,0.2776411,-0.22709675,0.7125403,0.020378085,0.47123194,-0.39790136,0.57376623,0.35940307,-0.67678255,0.08283523,-0.0043965615,0.20139493,-0.014611617,0.4602905,0.7243933,0.18647966,-0.24539527,-0.36814588,0.29634488,-0.1786176,-0.26433218,-0.22687417,-0.39990753,-0.0105929,-0.7335426,0.3907478,0.056973785,0.0038529262,0.055085547,-0.780398,0.19991504,-0.4349172,-0.3259977,0.32511082,-0.25554207,-0.038211312,-0.12541209,0.65479475,0.16032428,-0.11895055,-0.055250514,0.636389,-0.31815982,-0.21697244,0.5625523,-0.44458044,-0.34702983,-0.009185389,-0.0589716,0.1726367,0.08922937,-0.34482875,0.28835365,-0.7085623,0.008307718,0.06643788
-0.16534686,0.9644893,-0.24862295,0.025670245,0.046344623,0.30045485,0.49386996,-0.30630657,-0.0064795315,0.14031854,0.06308831,0.060649164,0.14488411,-0.48284745,0.076017365,-0.1882799,1.1394378,0.12356242,-0.11697956,0.5896874,-0.23537855,-0.35354552,0.17301543,0.52471066,-0.42241597,0.04943078,0.4662875,-0.5907893,-0.1837134,-0.11775688,0.12573318,-0.22459306,0.033624142,-0.13932827,-0.7122065,-0.09971687,-0.7540395,-0.34096646,-0.14930011,-0.30197316,0.14055447,-0.33785105,0.29956132,0.071784675,0.07361156,0.063654274,-0.0059874915,-0.65711915,-0.03206336,0.48728058,-0.029323503,-0.48085806,0.054519862,0.17482488,0.3023909,-0.01981022,0.013595086,-0.15790932,-0.124147,0.2140745,-0.35030708,-0.8190984,0.71852577,-0.1661051,-0.023201108,-0.5574785,0.3056131,-0.33652258,-0.23764417,0.64899254,-0.14716443,-0.14543709,0.25486287,0.38059354,-0.088235505,-0.54079115,-0.50952727,0.030645162,0.30200434,-0.037735794,0.16430373,-0.20013383,0.113354675,-0.16764979,-0.48626798,0.19503692,-0.07317574,-0.28929672,-0.1969794,0.11313484,-0.0087252855,-0.17916337,0.05362025,0.3658331,0.23049344,-0.10080153,0.39382836,-0.3296478,0.045271695,-0.004039526,0.28366965,-0.18391585,0.33725196,0.49146932,0.22833326,0.19435242,-0.06384799,0.20389763,0.21378845,0.23630346,-0.17923695,-0.2120716,-0.11795435,-0.07465726,0.66915745,0.24896711,-0.32875526,-0.10091029,-0.45534945,0.16157493,0.39362887,0.27244017,-0.5193416,-0.47553983,-0.5260823,0.5846598,-0.016053062,-0.13699955
0.15565811,0.2877891,0.074094556,-0.3860758,-0.06265069,0.0062290244,0.3232572,0.09872058,-0.23738107,-0.17373645,0.24075446,-0.18451273,-0.26851785,0.1054127,-0.17277032,0.7253725,0.41106105,-0.43746787,-0.036559384,0.15933937,0.14908949,0.42246005,0.35756862,-0.16577785,-0.01886589,-0.050484806,0.17682114,-0.48943868,-0.17926982,0.39770326,0.4437482,-0.7091225,0.26890588,0.0042366125,-0.19944441,0.16814098,-0.15491556,-0.105823316,-0.13944423,-0.3457863,0.46391085,0.01067099,0.1845816,-0.3992341,-0.21893585,0.029660534,-0.33410805,-0.47186247,0.25183704,0.42310634,-0.50083303,0.17051235,-0.029881015,-0.21218866,0.39808393,0.04893677,-0.65909505,-0.24636903,-0.12787086,-0.41716492,-0.43582404,-0.9882269,0.5146303,0.09051079,-0.08725098,0.058676083,-0.0945456,0.113712154,0.20334747,0.76343834,0.18123169,-0.14241531,-0.28335238,0.25718522,-0.10571161,-0.27373785,0.13302979,-0.29059395,-0.45162946,-0.32597587,0.12948722,0.32975015,-0.22369716,0.29999653,0.1567697,-0.117758885,0.004497081,-0.28989786,0.1797761,-0.045781683,0.24545494,0.07519361,0.7660042,-0.33332837,0.10794787,-0.06610717,0.2326468,-0.104571335,-0.29520705,0.13060212,-0.17734237,0.54989535,0.548839,0.03089787,0.17531797,0.20068997,-0.2046514,-0.4779308,0.147997,-0.24651724,0.17969948,0.16415974,-0.22896384,-0.30391976,0.022515394,-0.35010514,0.3203462,0.17324369,-0.47624397,0.04816517,-0.2629029,0.19478963,-0.17534618,0.032000802,0.19530511,-0.4730812,-0.21554658,0.055404074
0.096404046,-0.3090318,0.24441166,-0.48347953,0.22598758,-0.1549565,0.21104863,0.48927635,-0.05199328,0.44137758,0.23223466,0.14010991,0.13678074,-0.257563,0.6091661,-0.06726324,0.67822504,-0.24300212,0.42547613,0.34689602,0.080088764,-0.22725028,0.014578812,0.32204238,-0.08517106,0.32951307,0.29525447,-0.61849314,-0.07990623,-0.011296034,0.4019975,-0.25967073,-0.4479372,0.20769548,-0.060928077,0.22337252,-0.21463457,0.04180927,0.16756034,0.13257933,0.098706365,-0.13640109,0.3722875,-0.42728055,-0.14313371,-0.24393363,-0.0066691004,-0.046313893,0.7631295,0.22765598,-0.51705503,0.041896567,0.3413062,0.85613275,-0.089843586,-0.30548447,0.32097498,-0.2709046,0.27591723,-0.23331706,1.1402974,-0.68184274,0.25811484,-0.16628882,0.18037727,0.21695013,-0.37000602,-0.38340098,-0.13578501,-0.3402271,0.1872024,0.31069553,0.4360997,0.19750103,-0.9132996,0.443945,-0.28663826,0.4952057,-0.029304251,-0.40644464,-0.3930081,-0.30147702,1.1852387,0.07070391,-0.2406109,0.47979924,0.73796874,0.48315743,0.11819975,-0.25829864,-0.55386186,0.35055724,0.0065830527,0.51820254,-0.4449542,0.35854667,-0.24695267,0.34385946,0.039758828,0.20730871,-0.5590725,0.4241856,-0.099772796,0.13040991,-0.3744315,0.42099127,-0.32071447,0.28668317,0.75544333,-0.32809067,0.24226625,-0.07947729,0.30560014,0.14190257,-0.18910928,-0.29192984,-0.35154235,0.10971366,-0.34961426,-0.037078004,0.3443821,0.045113824,-0.5765129,-0.27899584,0.72881633,-0.1284635,-0.023495976,0.3617629
0.09410548,0.16134436,0.28399608,0.8833897,0.38752577,0.41197765,0.05487843,0.091782,0.0034507941,0.420073,0.41934663,0.27333727,0.26181737,0.09334546,-0.17466134,-0.15462533,-0.008332649,0.033417147,0.4602648,0.19885568,-0.3511576,0.040454023,0.07811388,0.21801117,0.50099117,0.04411556,0.19538887,0.43496448,-0.21567461,0.014944881,-0.30489957,0.18340708,-0.5280372,0.51158524,-0.331727,0.053255737,0.17549726,0.1973648,0.03848201,0.24822122,0.019083384,-0.09561692,0.012786567,-0.24318033,-0.029626742,-0.25998026,-0.37916076,-0.79302263,0.007449925,0.3650255,0.2161574,0.31327742,0.26875985,0.0017336011,-0.42568743,-0.14607334,-0.2428424,0.22333694,-0.33314255,-0.30592567,-0.094055094,0.006018983,0.29285544,-0.15058398,-0.28446645,-0.3585626,0.034151457,0.10029591,0.3735046,0.46401265,-0.024672687,0.117597386,0.16217752,0.20166603,0.029948086,0.1715989,0.14022449,0.14372945,0.03221719,0.11970619,-0.10961121,-0.30248284,-0.05994709,-0.15270536,-0.018382281,0.2637473,0.21816534,0.49102414,-0.11267144,-0.45917082,0.23290622,-0.21365815,0.25583023,0.3902674,0.46037853,-0.34241474,-0.44969195,0.08900602,-0.25772282,0.42843783,-0.279346,0.016361877,-0.40900487,0.020318788,0.017121427,-0.12242667,-0.093300655,0.21592088,-0.4207826,0.4208985,-0.39184618,-0.037142187,-0.1608278,0.22612336,-0.072125256,-0.15534183,0.14953445,0.047556743,-0.029943675,0.05263637,0.40619433,0.41756287,0.45610458,0.118551075,0.310308,-0.12764229,0.36636028,-0.50140446
-0.047361564,0.47469825,0.26072147,0.08997005,0.038162373,0.39654613,0.36219972,0.40123194,-0.23013398,-0.1167157,-0.30172792,0.24412939,-0.3878797,0.2874136,-0.31926036,0.19529048,0.117394105,0.32712716,0.21874836,0.4485177,-0.33055538,0.57635105,-0.1929175,0.24539211,0.34474733,-0.08529846,0.5745968,-0.25086623,-0.14459603,-0.11314157,-0.024354607,0.13274957,0.20405088,-0.6802483,-0.19838908,-0.043129243,0.07311939,-0.0022343583,-0.114895016,-0.2639977,0.2894115,-0.29851454,0.432432,0.28856143,0.16260934,0.3297366,0.078059085,-0.14197041,-0.22533208,-0.24380432,0.105164036,0.30304405,-0.017191395,-0.04369636,0.2656905,0.5152047,0.16983707,-0.19844475,0.23282233,0.27634633,0.3143424,-0.8015505,0.08470848,0.33503276,-0.026759379,0.38177687,0.46031532,0.29337597,-0.29970354,-0.1994462,0.07138105,-0.25144276,-0.2493749,0.06792909,-0.43515348,0.05958242,0.30194795,0.023959793,0.005642714,-0.011097521,0.31546342,0.3503666,-0.35696664,0.038905166,0.22217162,-0.16716665,-0.108570606,-0.6509059,-0.02783104,-0.25212136,0.4550642,0.91718394,-0.14351936,-0.36638075,-0.16049606,-0.015985113,0.21420303,-0.51438814,-0.101536185,0.6141526,0.3560397,-0.04910259,0.15609582,-0.38148633,0.29861653,0.45483544,0.076596275,-0.20018862,0.014045551,0.07667932,0.31928807,-0.07456808,-0.04441113,0.28636512,-0.015234143,-0.0345248,-0.39431614,0.2775369,-0.28771943,0.3619142,-0.2536608,-0.39047205,0.038883384,-0.23412691,0.5658384,0.2836138,-0.13580462,0.22078861
0.21447505,0.34553963,0.0774519,-0.056184158,0.116346166,0.19189307,0.5723038,0.35040843,0.13593915,0.50426906,0.24323858,0.12721974,-0.45812702,0.25412014,0.10578731,-0.12581444,0.071046084,0.23700848,-0.27079707,0.28085047,-0.24836306,-0.6538265,0.48861396,-0.4604665,0.22617482,-0.11440397,0.29833,-0.6015283,0.728017,0.3084919,0.17607777,0.528044,-0.2631734,-0.22422187,-0.18333912,-0.34733438,-0.44565985,0.05734204,0.11651175,-0.33837554,-0.010214407,0.5194735,-0.07641263,-0.21559125,0.023848094,0.38616446,-0.34118944,-0.47440547,0.32716897,-0.8087102,-0.17057326,-0.52636135,0.15037508,-0.07649997,-0.22620495,-0.34584,-0.30615073,0.09302703,0.47234637,-0.06617964,0.060524862,-0.9249747,0.39144036,0.28203875,-0.16687384,0.18964618,0.240987,0.37473747,-0.020400109,0.1710161,-0.12415157,-0.052940797,-0.22752458,-0.27574718,-0.411218,-0.20776306,-0.5043024,0.211655,0.38627106,0.43495268,0.32930213,0.4678294,0.15512276,-0.009670928,0.48559925,0.3943591,0.137088,-0.2600416,-0.16010201,-0.2860095,-0.11791708,0.60511893,-0.3855127,0.51830703,-0.124586485,0.13007627,0.016070865,-0.11134648,-0.115851395,0.52479416,0.14100245,0.080164365,0.20198873,-0.21831594,0.019287037,0.07196426,0.04822642,-0.350304,-0.5996447,0.041887753,-0.18959835,-0.5598869,-0.2518648,-0.13650861,-0.18251145,-0.18460366,0.048976324,-0.0014864989,0.24753033,-0.12010653,-0.0697774,0.0410475,-0.6638483,-0.01183746,0.12826079,0.10520525,-0.0123583,0.020503892
-0.42557037,-0.3257125,0.29217172,0.18301973,-0.20328188,-0.12661259,-0.6892858,-0.57968235,-0.37799364,0.10911023,-0.33829126,-0.5184203,-0.09566614,-0.08656183,0.0643924,-0.31365213,0.8870006,-0.42985737,0.14783004,-0.6668469,0.28433582,0.402422,0.37533107,-0.9931536,-0.19218272,0.62365085,0.04374332,-0.46056002,0.15812923,-0.25049838,-0.1647438,0.21680032,0.16233622,-0.9132577,-0.3469086,-0.08673176,-0.3935575,-0.06397058,0.36785457,-0.41428834,0.0122037735,0.565838,-0.55298996,-0.29946172,-0.15648952,0.415643,-0.21830106,-0.43646866,-0.031065777,-0.5298676,0.03768679,-0.36204463,0.19779456,-0.050168272,0.17524293,0.3114637,0.24340968,-0.5199593,0.25763434,0.30435807,0.23737335,-0.26465362,0.36147094,-0.19556618,-0.19058943,-0.35078213,0.44467187,0.27820775,-0.029444572,-0.42244935,0.8744955,0.4528044,-0.25643513,0.20675087,-0.46526587,0.4858316,0.283303,0.08164167,0.7951179,0.0044472516,0.6261446,-0.39867744,-0.39292482,-0.43156555,0.30245644,0.56293076,-0.20587294,0.013328646,0.36476994,0.45981255,-0.046337068,-0.25299692,0.21988322,-0.6144962,-0.7173154,-0.0811759,0.23984438,0.5857064,-0.8079099,0.43238243,0.02125135,-0.30083635,0.12835577,0.27132368,0.4831432,0.45650893,0.56632227,0.32629555,0.7720721,-0.88933706,-0.34305176,-0.33049238,-0.49464062,-0.13378426,-0.31732088,0.59276146,0.264753,0.019774064,-0.78095853,0.20669079,1.1619159,0.029683296,0.10783194,-0.42433897,0.37524214,0.19565475,-0.29137504,0.9500432
-0.13122487,-0.18375018,-0.21502957,-0.099781826,-0.5213367,-0.44603476,-0.49250898,0.21480386,-0.16357794,-0.32609853,0.2017369,-0.14037992,-0.2286676,-0.032634065,-0.1478967,-0.27058274,0.47046894,0.32536054,0.65692306,-0.18796997,0.29306003,0.099505305,0.06574008,-0.09208314,0.5175445,0.40865585,0.37787998,-0.04047509,-0.04157421,0.33239472,0.13505702,-0.4984147,-0.23671855,-0.036608696,-0.04530975,0.32976326,-0.21144357,-0.16838995,-0.5376265,-0.33454937,-0.094997175,-0.17972198,0.22402088,-0.26849067,-0.5072426,0.0942998,-0.2221997,-0.01492464,0.0408824,0.41982257,-0.099876896,0.29658514,-0.14104438,0.14118643,0.19983514,0.07136278,-0.33211368,-0.29170322,0.1357488,-0.0983197,0.17196505,-1.384973,-0.006693041,-0.1938272,0.620322,-0.49540302,-0.038604427,-0.050457023,0.15032484,-0.22203663,0.0022371337,-0.31512576,-0.14559978,-0.28310728,-0.018010184,0.23403086,0.24729972,0.04736287,-0.11755204,0.14800434,-0.31062514,-0.4612122,-0.1676982,-0.13899809,-0.22336306,0.3423953,0.19098037,-0.1302552,-0.22400421,0.03708162,-0.3622786,0.22946765,0.32693622,0.04941746,0.33849314,0.43359315,-0.025839463,-0.3021566,-0.19919465,-0.7490014,-0.06256768,-0.06584801,0.4727845,-0.14453055,-0.061053723,-0.13204639,-0.098456524,-0.31664896,0.07980278,0.005067449,-0.42808902,-0.0038580894,0.36506206,-0.26713127,0.19678846,-0.29047185,0.18430471,-0.18954735,-0.09077133,0.2426266,0.52051353,0.4132041,0.09998155,-0.066352874,-0.14629619,0.2121119,0.036999956,-0.25691196
0.21772784,0.37044844,-0.54690355,-0.5728159,0.09437491,-0.36799562,0.19089149,0.34411922,0.38574362,-0.25293002,-0.20448062,-0.35137406,0.21458009,0.25902525,-0.17833371,-0.14968865,-0.30513325,-0.4096737,-0.14048247,0.28448376,0.69585645,0.28440148,0.033240296,-0.030554095,-0.022404231,0.26439643,0.7263044,0.07166857,0.5867577,0.32762986,1.0450583,-0.00088119507,-0.5110452,-0.001403749,-0.3931748,-0.10682529,0.013747752,0.92978895,0.49782354,0.3248251,-0.263109,0.483583,-0.11348269,0.19496241,-0.0830625,0.17296603,0.25073192,-0.4744068,0.6304423,-0.6258596,-0.12011482,0.0007485226,1.0123372,0.16851787,0.5534568,0.67056334,-0.24740882,-0.4748233,-0.2331665,0.74409497,0.21179128,-1.1294357,-0.57242334,-0.2751311,-0.13326873,0.23224515,-0.47516888,0.368616,6.0480554e-05,-0.12571226,0.48168272,0.0116777085,-0.36255375,0.8038097,-0.18522227,-0.023181856,-0.25700662,0.4325397,0.17526083,-0.2649773,-0.09197212,0.6068136,-0.082838275,-0.80975586,0.16435148,-0.32046807,0.26768178,0.20765775,0.07610908,0.60921806,0.38783276,-0.09916687,-0.40344268,-0.014042374,0.20836055,0.29052734,0.31068292,0.2851492,0.51311445,-0.6846957,-0.044606797,0.3490702,0.046874918,0.22226155,0.36074015,-0.5044373,-0.8988087,0.3648979,-0.0530116,0.4754373,0.0952006,-0.063832335,-0.23149319,-0.15283425,0.16787258,-0.029436847,0.17562324,0.032824345,-0.040108,-0.06463529,0.21598457,0.24565278,0.1236335,-0.14516924,0.3314987,0.2006264,0.71138954,-0.30544066
-0.099126115,-0.93010867,-0.28608283,-0.15151694,0.2834434,-0.28315872,0.008460123,-0.29228258,-0.18773896,0.0042913994,0.15120263,-0.23101564,0.22515437,-0.57136285,0.0412362,0.027921472,0.015524909,0.07718414,-0.014801487,0.5032568,0.71969813,0.104297444,-0.33560896,0.19447553,-0.0020985901,0.004417658,0.07786932,0.029471755,-0.34663057,0.28486124,0.014485657,-0.25749558,0.35427392,0.03350031,0.17212668,0.22386926,-0.9783466,0.035629775,0.33546397,-0.04680866,0.18102708,0.58451074,0.44482148,0.00025761127,-0.041527778,-0.004998155,0.2652283,-0.3277833,0.10368661,0.05439028,-0.12779535,-0.25808164,0.26310983,-0.054595698,-0.2262825,0.52167314,0.1112542,-0.10859726,0.12406492,0.14792973,0.19978425,-1.1576781,0.21652459,0.122896254,-0.30358386,-0.20552906,0.56839216,0.100626044,-0.0462251,-0.09978597,0.19430634,0.030333985,-0.117226556,-0.4339835,-0.6397624,0.36862805,-0.1058219,-0.017921835,0.4288483,0.3850854,-0.0074921325,-0.0402171,0.10919629,-0.21108946,0.44576195,-0.020979717,-0.08605778,-0.3017085,-0.35293752,-0.19129038,0.07904267,0.010758102,0.3313981,-0.40980732,0.20478639,-0.47965693,-0.23073229,0.47381637,-0.008381991,0.012600586,0.2456424,-0.02138757,-0.19965246,0.0014267266,0.33977106,0.029601447,0.092091545,-0.5539201,-0.059885316,-0.17687394,-0.18808618,-0.27908206,0.050933927,0.260923,0.04915082,-0.015567388,0.1085298,-0.13838196,-0.14053524,0.12513618,-0.24753977,0.22262895,0.07156354,-0.12505643,-0.16981927,0.52289367,0.08100662,0.15405694
0.2051509,0.24269216,0.39564508,-0.2042678,0.23265304,-0.1685516,0.033336878,0.031931337,0.06936883,0.09685466,0.4894573,-0.046301752,-0.2514394,0.105334274,0.13325892,0.14981093,-0.18814822,-0.022438457,0.31881183,0.16161342,-0.17460977,-0.27055514,0.2051807,-0.18952817,0.06514749,0.1278941,-0.2727461,0.15495783,0.112622924,-0.08470428,0.18918991,-0.75883216,-0.050772116,0.19406258,0.045769915,0.249768,-0.44572702,0.058908857,0.21379778,0.00025235862,0.031706154,0.22220686,0.5085669,-0.20287076,0.41954634,0.18521483,-0.07853441,-0.075519316,0.15467654,0.12437074,-0.0040644864,-0.118224695,-0.01004873,-0.0013420675,0.35104358,0.17881493,-0.047228184,0.02850952,0.069818035,-0.13328302,-0.1092517,-1.0216957,0.45252228,0.5185637,0.01333341,0.29475158,-0.07428081,-0.16742286,-0.18841024,-0.2973974,0.33589727,0.18915938,-0.18601933,0.25358942,-0.3739539,0.695205,-0.28483963,0.01760909,0.1091522,0.2093505,0.19784762,0.28045344,0.21978702,0.067439884,0.4041575,0.15335084,-0.46042314,-0.10857977,-0.11281893,0.03976169,0.24364996,-0.22275685,0.23630087,0.058214784,0.10007235,-0.05851987,-0.18810786,0.09515757,-0.022813424,0.065545365,0.29186913,-0.08688149,0.17637332,0.2429325,0.2710306,-0.45570374,0.44663972,-0.029309489,0.07821667,0.043582097,-0.082407795,-0.08487766,0.028304614,0.05358672,0.17039062,-0.29260015,0.07126056,-0.029599683,0.18382686,0.11512413,0.20329025,0.16551654,0.09610385,-0.12241948,-0.32022554,0.22021388,0.21984774,-0.102606714
0.38853264,-0.060049906,-0.38672087,0.3102135,0.49553165,-0.10856832,1.0399156,-0.11369549,0.009383222,0.36063206,0.06173394,-0.07554768,0.0832747,0.50748616,-0.34534582,0.61734915,0.51763165,0.5436803,0.7353572,0.2651866,0.07637929,0.006160818,-0.48913664,-0.20181036,-0.0871469,-0.5433341,0.07772963,0.9911304,0.4413038,-0.2552747,0.51435506,-0.11418254,-0.43567127,0.4643038,-0.09581919,-0.12082189,0.2460881,-0.105123654,-0.060345966,0.5635054,-0.63674194,0.1804603,-0.3109576,0.16208994,0.079937845,-0.57378143,-0.12720703,-0.37035877,-0.047280148,0.04604391,0.53767675,-0.115449145,-0.22242236,0.0052602943,0.05550289,-0.25571156,0.19452235,-0.06411305,0.3786575,-0.21982509,-0.23951943,-0.21893188,-0.017701238,-0.031995073,-0.12758872,0.15283638,-0.6742074,0.016762257,-0.52187026,-0.56689453,0.6495298,-0.20197949,0.123816,0.14345786,-0.23392434,-0.28429627,0.153061,0.13040397,0.13686685,0.11103384,0.0329246,0.42861435,0.28154838,0.22589195,0.03222379,-0.012042303,-0.40757293,0.34936902,-0.45131823,-0.09485315,0.722519,-0.0745372,-0.029523924,0.41269934,-0.13313405,0.7455261,0.17448202,-0.36148185,0.089822374,-0.25704813,0.40692037,-0.32182,-0.19420761,0.7842348,0.34310773,-0.22817051,-0.53907335,0.030694708,0.30344006,-0.07377969,0.0527445,-0.92074585,0.40843746,0.6569248,0.23289122,0.018011227,-0.64785403,-0.30897182,0.102129616,-0.22273836,0.4017723,0.35632193,-0.15981454,-0.40828526,0.35253388,0.24920988,-0.21822146,0.2538001
-0.032138973,-0.1413341,0.3268538,0.074788794,0.18794145,0.01735837,0.046995513,0.23514695,-0.005071019,0.2954476,0.08541638,0.12404005,0.28511956,0.05808704,-0.40133804,-0.09217562,0.2906598,-0.406814,0.5634952,-0.22589761,-0.34337234,0.08239804,0.69699323,0.11274727,0.23216249,-0.13626552,0.05033586,-0.08134799,0.5809517,-0.16803212,0.0967227,0.008418761,-0.08724269,-0.18368082,0.5329396,0.25653082,-0.26276284,0.06187461,0.45046455,0.52329016,-0.14514758,0.31665516,-0.18784884,0.1437959,-0.06864178,-0.10443481,0.063307635,-0.1292758,-0.03618741,0.12202394,-0.40744683,0.19258091,0.31770635,-0.013362583,-0.21086608,0.07327989,-0.01942305,0.24817829,0.28488794,0.32033896,-0.38129866,-0.9671427,0.4217649,0.11350125,-0.02246971,0.30382842,0.07902045,-0.32892376,0.2200288,-0.031369522,0.13469133,0.027205154,-0.027303088,0.7404355,-0.75945383,-0.2188912,-0.044712946,-0.029325739,0.12708284,0.046126224,0.50574625,-0.15318456,0.16529326,0.075605884,0.45014426,-0.04125224,-0.20841308,-0.5649516,0.16389334,-0.5033639,0.19437067,0.17127918,0.0033260244,0.19484395,-0.008137844,-0.17229253,0.09470896,0.53835756,0.4453598,-0.040811032,-0.103760794,0.17808756,-0.013979409,0.5380974,0.31357628,-0.35656753,-0.018781457,-0.31294304,0.109152436,0.65123874,-0.32004794,-0.21329749,0.12775445,-0.024198748,0.21091066,-0.38221467,0.25770006,-0.1958162,0.17402911,-0.2386672,-0.22933067,-0.1073467,-0.4932061,-0.5527607,0.14982383,0.16250452,-0.24242748,-0.29807344
-0.033232592,0.018626317,-0.13990696,-0.2774681,-0.16144389,0.08481963,0.3645435,0.04833917,-0.04860232,-0.23822612,0.11275933,-0.3866915,-0.06709452,0.29425186,-0.23013097,0.067864016,0.48671997,-0.3359639,0.23842634,-0.09823531,0.03171907,0.028911475,-0.43747967,-0.13832915,0.24498871,0.03934756,0.33943093,0.15047207,0.28209254,-0.7856916,0.47201002,0.37267953,0.4171105,0.160425,0.017431572,0.17888278,0.046745554,-0.30484626,0.44957462,-0.26475677,-0.091970995,-0.008540988,0.10965982,0.17922974,0.13104025,0.21678045,0.07967904,0.5950286,-0.08456898,0.27452856,0.39690512,-0.20645313,-0.27351934,0.21913391,-0.16011412,0.15958735,-0.0679804,-0.005904533,0.23391701,-0.027295496,-0.55027175,-1.0066937,0.114058405,-0.17754215,-0.18935335,0.17607567,0.2809024,-0.32925212,0.22112575,-0.30590457,0.20140421,0.35351962,0.4298567,0.4693619,-0.5874751,0.3487469,0.08812008,-0.014091395,-0.10241274,-0.0030905837,-0.15191798,0.39449245,-0.41535956,-0.042256683,-0.23068422,-0.06485828,-0.28624392,0.20848797,-0.06777573,-0.12113953,0.21041064,-0.10712909,-0.14973478,-0.09594764,0.020796161,-0.018775783,-0.31959325,0.06944047,0.0424572,0.12080666,0.25163123,0.15965149,0.104058705,0.37713468,0.08985144,0.72683036,0.22213627,-0.20700887,-0.15741074,0.13101414,-0.592859,-0.59263086,-0.43907517,-0.03328789,0.37469575,-0.17427486,0.17085716,0.116045445,0.40620407,-0.45195735,0.25711888,-0.048649374,0.013485689,-0.19268142,-0.19871119,0.048682578,-0.14517069,0.6249578
0.2833544,-0.16512644,-0.12541522,-0.0358589,0.31565624,0.2645484,-0.10323468,0.37664896,0.058103412,0.19575699,0.13264148,-0.37246403,0.16645469,0.11686835,0.34199303,0.42510486,0.7010763,0.33405754,0.07611257,0.0051542222,-0.2997085,-0.037112027,-0.124037735,-0.19972496,0.23154518,0.08580485,0.14769782,-0.08335833,0.36855504,-0.18818456,0.21212526,-0.3719361,-0.19907331,0.011834238,0.35378858,0.063724205,-0.44079116,-0.20489025,0.18469992,0.39372504,0.22649312,0.62442565,0.32080534,-0.36914045,-0.059784852,-0.11871216,0.4527591,-0.34958696,-0.10288551,0.6226024,0.32084572,0.103369296,0.3607664,0.016257029,-0.056786865,-0.07351656,0.22682837,-0.35328847,0.57031,0.36295912,-0.18815139,-1.2220865,0.0991334,-0.10192944,0.32609916,-0.010178905,0.17835447,-0.5076388,0.18429564,0.35279575,-0.2792777,0.5780459,-0.15263464,0.3815311,-0.10841878,0.29129714,-0.15883662,0.12455024,-0.25037804,0.0003259387,-0.18768671,0.38980362,0.33451706,0.49140525,0.039424118,-0.6424137,0.30135944,-0.13147391,0.18875867,0.33412477,-0.3238331,-0.1357779,-0.110364586,-0.6430081,0.18888217,0.027633138,-0.30446813,0.23024096,0.29826605,0.092232235,-0.12565643,0.1765334,0.03034876,0.23516276,-0.1744448,0.07539205,-0.04220522,0.16847846,-0.13143554,-0.31423518,0.5257147,-0.029511258,-0.031370737,0.14811686,0.03848149,0.119007975,0.015678536,0.21035399,0.37928048,-0.02768828,0.3045081,0.07492983,0.05691339,-0.0674217,-0.11437215,-0.042545713,0.1821599,0.008769393
-0.46334085,-0.36912516,-0.33506322,-0.2917949,-0.20092553,0.16465193,0.17880802,0.493164,0.06396192,0.39503542,0.053010836,0.014972508,-0.2931365,-0.21501666,-0.022896364,0.20734362,0.3066181,-0.075508825,0.27198958,-0.14736483,0.36282772,-0.06142406,-0.3085455,-0.052394014,-0.34562555,0.20302176,-0.21947497,-0.2306436,-0.010940954,0.38383853,0.67973316,0.21079072,0.1597598,-0.25547296,0.36985493,-0.13905165,-0.15053391,0.05421799,-0.21236181,-0.5778687,-0.23604792,-0.20640653,-0.39666337,0.23318237,0.3200087,0.2774922,-0.02333804,0.27035207,0.025393724,0.33574736,0.2159944,0.2500522,-0.42957288,-0.0470312,0.13781643,0.34321547,0.3429275,-0.06667763,0.24954668,-0.09681167,0.34442905,-1.364493,-0.14240514,0.058426052,0.54354966,-0.32986957,-0.11384657,-0.16718519,-0.16761754,0.3091794,0.071704015,-0.14357953,-0.35084054,0.08968687,-0.12728325,-0.12977195,-0.009352839,0.030145392,0.21908107,0.06424192,0.44386062,0.09128578,-0.21290232,-0.4745393,-0.2196968,-0.058967784,0.44444668,-0.32308084,-0.577172,0.13361633,0.12406176,-0.08404918,-0.091133684,-0.16106993,0.09627142,0.5279836,-0.17382672,-0.18395618,-0.086506866,-0.20365703,0.04426433,0.30243057,0.024565447,-0.19677638,0.18607068,0.07532546,0.055037975,-0.071697615,0.52001905,0.18007648,-0.07227621,0.29834247,0.46911275,0.1170145,-0.13138607,0.47303045,0.43744093,0.30368114,-0.19574428,-0.61284435,0.24186265,0.3380868,-0.00087537616,-0.21129838,-0.18744281,0.20049036,-0.16914608,0.2403616
-0.018397365,0.16430138,-0.07655367,0.10695481,0.2012195,0.16681705,-0.23624815,0.028850757,-0.41777676,-0.69482213,-0.13291675,-0.106046624,-0.22411302,0.4499197,0.252047,-0.1764278,-0.22249243,-0.40152508,-0.097172886,-0.63562423,0.16491309,0.23863494,0.00043886155,0.4977394,-0.15854314,-0.09957249,-0.35855642,-0.11371679,-0.0052358806,0.023951354,0.8020971,0.4993016,-0.07122675,0.031888347,0.018015109,-0.6389657,-0.1265372,-0.26405144,0.39400858,0.13454747,-0.1781153,-0.7632711,-0.5329723,-0.42472467,0.45483896,0.07537561,-0.29873157,-0.1930371,0.25892103,-0.34012344,0.09796192,-0.0059162453,-0.15844771,-0.47429255,0.18488437,0.20215836,-0.083626926,-0.19566253,0.42184713,-0.3784081,-0.31890357,-0.43760154,0.20198557,-0.08830562,0.3692498,-0.6195159,0.22337854,-0.24574919,0.37244982,-0.1308183,0.5039896,-0.052575197,-0.3818417,-0.29994887,0.0450446,-0.6432077,0.0040355325,-0.25073346,-0.5437864,-0.015776575,0.27942297,0.44992226,-0.20627776,-0.26252526,-0.45728248,0.43489033,0.1688659,-0.47658232,0.10261295,0.19657224,0.070160076,0.020328835,-0.0707268,-0.25626022,0.24788582,-0.028881988,0.52213806,-0.22652057,0.37297222,0.7687238,-0.48739287,0.0794997,-0.21347703,-0.40403187,-0.095924675,0.51399225,0.16757426,0.3750328,-0.19901067,-0.07193283,-0.077215195,0.044712063,-0.9125235,-0.23783499,0.098673046,0.057661504,-0.13900986,-0.14818946,0.1478731,0.026986793,-0.19788587,0.9553921,0.112506084,0.56678563,0.3380262,0.06833486,-0.1613763,-0.1710284
-0.14982484,-0.046237268,-0.36455944,-0.26038104,0.1735249,0.4949575,0.35952136,0.48718312,-0.0031223,-0.14102648,0.23438673,0.518414,-0.1382846,-0.23856384,-0.4845636,0.014083661,-0.122391336,-0.14389506,0.10647536,0.6236964,-0.20674339,0.34025228,-0.2004549,-0.016568575,-0.3183537,1.0842062,0.5397147,-0.5469933,0.3712995,0.22332704,0.23597732,0.31849316,-0.07026358,0.5903853,0.06784101,-0.763712,0.20107794,-0.07694947,-0.18287203,-0.014110498,-0.27556667,-0.5555866,0.4325169,-0.059369713,0.10746722,0.15118372,0.43530312,0.011466712,-0.21982661,-0.21694064,-0.05808156,0.16406566,0.44696835,0.3953229,-0.35143834,-0.022681745,0.5429212,0.43243074,-0.23047343,-0.15195915,-0.21342385,0.40256408,0.7033,-0.023905233,0.021914393,0.39267808,0.06776125,0.28730202,0.33457303,0.37233412,-0.54710084,0.158304,-0.29761326,-0.08020817,-0.41113406,1.0256127,0.06399688,0.92614555,-0.13370785,-0.64025956,-0.103512764,0.3228153,-0.14444749,0.34145594,0.6822563,-0.05893606,0.00254412,0.3461522,-0.27639976,-0.24340403,-0.05905335,-0.067702964,-0.43664324,-0.36032566,0.375672,0.14898458,-0.57817256,0.21203262,0.085537404,0.81275207,-0.35237145,-0.2605719,-0.45086238,0.045078583,0.13017312,0.5127902,0.64327633,-0.008920059,0.072110265,-0.31044522,0.25022826,-0.092090994,-0.091465354,0.03161612,-0.49049827,-0.13960199,0.4175001,-0.105948366,0.70802367,-0.92060256,-0.8870235,-0.10712441,0.29108763,-0.83705926,-0.2641613,-0.25948977,0.5552422,0.004089579
0.07734061,-0.4144451,0.45764372,0.7594486,-0.23700346,-0.82327235,1.0500435,-0.31039673,-0.04087466,0.1515439,-0.37985864,1.037097,0.309149,0.41443694,0.21985012,0.18616317,-0.022836797,0.78111446,0.0745068,-0.731882,-0.33071005,-0.047170337,0.23251812,-0.8027835,0.04220003,-0.023448154,-0.33502656,-0.008687189,-0.32945234,0.40633687,-0.29871875,0.19615838,0.11799346,-0.112422846,0.12886804,0.12541068,0.25608003,-0.36576337,0.24930981,0.025946904,0.25867742,-0.9548591,-0.30240545,0.15455744,0.36545897,0.16617109,-0.84865844,-0.34210062,0.62584,0.19330654,-0.07722607,0.42227829,-0.4793145,-0.66266745,-0.37299827,-0.0051869154,-0.4583713,-0.28526768,-0.1232026,-0.0480037,-0.44121367,0.76413655,0.9042503,-0.122524306,0.37472942,-0.1633429,-0.30289513,0.027151568,0.14811623,-0.46445155,0.050194204,-0.6847974,0.7445399,-0.1011915,0.038040996,0.08306015,0.61625457,-0.028816722,-0.49006373,0.54965985,-0.09211899,-0.5162073,-0.84110224,-0.2636867,0.21763527,0.20570418,-0.019939007,-0.22760446,0.57986975,-0.2560193,-0.39246374,0.035053104,0.28484598,-0.2072462,-0.8786267,0.16850033,-0.16698313,-0.22285452,-0.07043046,-0.0071432292,-0.7164125,0.7233925,0.5180222,0.027788483,-0.25335494,0.19554837,0.080691904,0.462216,-0.19368671,1.0280011,0.029528707,-0.3911719,-0.15849775,-0.5241546,-0.60008466,-0.4712115,0.36441815,-0.3657267,0.64712244,0.5590398,-0.31831738,-0.30591518,-0.3505048,-0.10665622,0.6506101,-0.3171837,-0.12961404,-0.32310656
-0.06897816,-0.17138197,0.12593289,-0.16397059,-0.03835544,-0.072729334,0.5881989,0.35111022,0.055582445,0.11670138,0.36723852,-0.27692375,-0.4552367,0.18762833,0.1980886,0.41117603,0.7132415,-0.53740066,-0.09176083,-0.05303771,-0.4142266,-0.59940946,-0.5887284,0.038711738,0.13883746,0.34876108,-0.31432387,0.5839112,-0.46644783,-0.09782967,-0.34165677,-0.43131274,0.93637127,0.20781396,-0.10165256,-0.043595478,0.21967615,0.11121385,-0.83283085,0.018336028,0.64366096,0.13503,0.11978857,-0.04056087,0.4167551,0.46874088,0.38800862,-0.2805967,0.006876968,0.647025,0.5248981,0.1319933,0.26646745,-0.10258536,-0.101968236,-0.27118912,0.07653455,-0.40497804,1.0033379,-0.2830761,-0.0050141215,-0.8996701,0.90094995,-0.68602955,-0.41397122,-0.027675096,0.18961346,0.2066084,-0.45299628,0.2634019,0.21396053,0.59605396,0.41345507,0.6862384,0.037486672,-0.7138588,-0.38113648,-0.4837433,-0.119837575,-0.38011214,-0.06390379,0.41927612,0.3983116,0.04976426,-0.4337649,0.6155481,0.45383984,-0.35697672,0.75502396,0.15778878,0.015163332,-0.11586976,-0.24841759,0.33221194,-0.7322007,-0.33835247,-0.10913588,-0.09120608,-0.31898743,0.34608203,-0.17578816,0.06608266,0.32031897,0.29061192,0.5808265,0.48449436,0.2217219,-0.7215746,-0.08071961,0.5074206,-0.4729436,0.11214797,0.14161485,-0.27538076,0.1397452,-0.43421632,-0.2590012,0.053505138,0.3463729,0.20806396,0.98013234,0.09549448,-0.30062228,-0.0060348213,-0.08201025,0.50070333,-0.027245361,0.41665852
-0.090155214,-0.14446956,-0.25525367,-0.2286887,0.30481523,-0.091208205,0.13105106,0.114108235,-0.20172969,-0.20204145,0.20762983,0.26823276,-0.041056417,-0.23239112,-0.38037264,-0.12908377,0.29286557,0.2435376,0.3434067,-0.26509562,0.0507762,0.024015393,-0.15015125,-0.21304795,-0.11940125,0.0616835,0.28829467,-0.12649612,0.1532571,0.037989676,0.4274512,0.007201545,-0.3707914,-0.2977044,0.42364526,0.22823958,-0.24153294,0.30075893,-0.020097226,-0.2533171,0.2021834,0.28721416,0.29223442,0.07032631,-0.0463679,0.05586601,-0.12265019,0.06169099,0.34657204,0.48774254,-0.079615936,-0.22202565,-0.11860718,-0.2766563,-0.24904408,0.13469324,0.24380404,-0.413767,0.22789048,0.06801597,-0.09581603,-1.2153215,0.42705336,0.3587075,-0.08097637,0.10698849,-0.23725215,0.05558452,0.012687681,-0.0033523366,0.33870885,-0.26968634,-0.0083047,0.14598212,-0.011824381,0.25898474,0.0917428,0.19638577,-0.054550983,-0.20013043,0.0741349,0.31796992,-0.060996044,0.4727235,0.26611868,0.09064607,0.29821658,0.12422084,0.14301157,-0.24917999,-0.042815134,0.5859798,0.2528274,-0.057353117,-0.2223158,-0.15535626,0.0512259,-0.019002832,-0.27810824,0.22649792,0.15654318,-0.14245313,0.28789312,0.334607,0.011868477,-0.05342383,-0.37961385,0.15183687,0.15735336,0.042609327,-0.0026464611,-0.28859678,-0.03583177,0.51483977,0.09027234,0.023812197,-0.0060503664,0.11665427,-0.037635572,0.06734992,-0.016679592,-0.03808666,0.11071254,-0.40990007,0.009977926,0.18880183,0.031864304,0.07179316
-0.12197601,-0.020810511,0.083322704,0.6206436,0.19058536,0.15721346,0.1651668,-0.38371903,0.6393366,-0.3682129,0.16368121,-0.013634056,-0.03169781,0.1231875,0.16677034,-0.31495723,-0.17387134,-0.27489653,-0.10227272,-0.26805398,0.20993808,-0.55407816,0.19468662,0.25481933,-0.52225,0.035799846,0.28928524,0.03390873,-0.2764342,0.6155315,0.12751083,0.5004325,0.4520144,0.13706705,0.36751592,-0.17192106,-0.62084186,-0.07734589,-0.2940406,0.32332668,0.3409491,0.33968908,-0.0071152337,0.16774793,0.68137586,-0.35720485,-0.1058921,-0.07232842,0.14531267,-0.057533547,-0.44027308,-0.51667154,0.19456315,0.13706921,-0.47995323,-0.22086085,-0.12095407,0.22874549,0.11884903,0.069385454,0.25720507,-0.21113491,0.01906249,0.06850002,0.15897027,-0.6570858,-0.6721976,0.48389184,0.41389683,0.011755461,-0.61881316,-0.052356064,-0.22209767,0.22730115,-0.25977594,-0.19343849,-0.38521102,-0.41692573,-0.29031694,-0.2393525,-0.3595389,-0.37925762,-0.40601355,-0.17285931,-0.17290044,-0.0068683326,0.28017163,0.03858681,-0.06579681,0.21737127,0.30361784,-0.041162252,-0.4133092,0.18628478,0.376177,-0.2058393,-0.37797785,-0.35245392,-0.14331894,0.74021673,0.26301152,-0.2684074,-0.0076593608,-0.42431673,0.20314105,0.033447154,-0.14545228,0.0013071671,-0.127392,0.31526387,0.47769082,-0.032531843,-0.13896647,0.1399538,0.15282603,0.2827695,0.25541353,-0.37464178,-0.048480764,0.45050806,-0.070179895,0.21732034,0.4024392,0.47942883,0.18782331,0.04082343,0.19446863,-0.41373459
-0.48213434,0.14086357,0.108213745,0.9843358,0.43581834,0.16580904,0.24274053,0.032579217,-0.14824897,-0.31160203,-0.020207465,-0.29287353,0.07963885,0.040096123,-0.06956045,-0.1989722,0.10445516,0.27860883,0.13262339,0.23432186,-0.1265423,-0.11841124,0.26333612,0.515581,-0.1928332,0.07934524,-0.03335751,-0.101984285,0.06175132,0.1864437,0.30288386,0.11004838,0.31906772,0.15837531,0.111774564,0.16994604,-0.2054806,0.29186678,-0.066922896,0.038355485,0.18652533,-0.14698288,0.25993934,-0.11882602,-0.16528383,-0.11643496,-0.27332678,-0.13259488,-0.2737581,-0.33355755,-0.03837459,0.27172503,0.22257528,-0.33474225,0.1762165,0.14220318,-0.4306372,0.60322225,-0.07170211,-0.0044844598,0.20173714,-0.56705594,-0.04043524,-0.1430203,0.22588107,0.13551347,0.086131915,-0.10081576,0.037591938,0.15007234,0.18476295,0.20637096,0.31447792,-0.20891437,-0.063380376,-0.33565575,0.534516,-0.24387974,-0.5087116,0.1854688,-0.17793569,0.07690473,0.5281719,0.14000267,0.17803046,0.071198344,0.028952964,0.39158204,0.004238412,0.16629034,0.10644163,-0.18079497,0.22588696,-0.052772842,0.16880979,0.06708843,-0.3276917,-0.022574864,-0.10089415,1.0791049,0.122946545,-0.12637728,-0.025643965,-0.43297723,0.18439251,0.34382993,0.3167302,0.31315857,0.18188843,-0.19263428,0.21884549,-0.22303072,-0.21223195,0.22127192,0.20388791,-0.082980186,0.25326976,0.028845362,0.058722008,0.17497167,-0.13862124,0.20159364,0.3839287,0.43897122,0.13492793,0.044038147,0.14922081,-0.44781315
-0.82793283,-0.6335462,-0.58856213,0.7061508,0.48665014,0.023537502,-0.19003984,0.33630124,0.005953132,-0.16306916,-0.073108345,0.06291185,0.19284211,-0.1007085,-0.36666182,-0.025487393,-0.18298598,-0.09418641,-0.22546375,-0.14121716,-0.2922772,-0.2879706,0.14800799,-0.38333637,0.11971439,-0.030227542,0.3413611,0.27647907,0.23506302,0.36435628,-0.2934411,-0.48093665,0.11525439,-0.028375734,0.012534112,-0.055007994,0.19291328,0.15583357,0.31131944,0.009449065,-0.15939124,0.19269085,-0.22355789,-0.08126408,-0.047202125,-0.11418298,-0.051213823,0.4003801,-0.34420642,0.18839222,0.28758475,0.14290904,0.5720036,0.24553943,-0.2116426,-0.07500043,-0.29278702,0.19198923,0.048566584,0.36834124,-0.14745629,-0.38870803,0.07913409,0.25244227,-0.02142667,0.388777,-0.025593856,-0.08076632,0.04904762,0.25700605,0.6367361,-0.007759601,-0.059606172,-0.18982308,0.36866888,-0.534041,-0.12788585,0.106812134,-0.2740407,-0.29803735,-0.18330602,-0.1997484,0.3196785,-0.31102073,0.41921365,0.08745563,-0.42183155,0.157671,-0.036816448,0.29848272,-0.088751145,-0.063792184,-0.15516047,-0.51227427,-0.0017444119,-0.16546786,-0.755432,0.63837546,-0.23022652,0.5004688,0.098410115,0.46051982,-0.15334104,-0.0893619,-0.19919054,0.14267066,-0.20587218,-0.17240408,-0.38027135,-0.3245097,-0.05566817,0.32320204,0.02257675,0.010588791,0.29360193,-0.012866393,-0.35449633,-0.06687184,0.21849985,0.4717639,0.37955615,-0.07929306,-0.26811844,0.17327687,0.34012273,-0.64089227,0.1148335,-0.10222551
0.05225325,-0.02689457,0.63333005,-0.24904343,0.6096652,-0.1339802,-0.7279085,-0.15947008,0.38168615,-0.3750425,-0.4193953,0.034635138,-0.037311517,-0.23629914,-0.28762776,0.11731064,0.25926036,-0.020972643,0.03016442,0.26413715,0.27191174,0.1351414,0.12082616,0.16729243,-0.073171265,-0.63621545,0.18469815,0.096675225,-0.5094432,0.4827798,0.4471176,0.18385524,0.17493516,0.024258912,0.33541486,0.24073549,0.54349184,-0.2604434,-0.08668532,-0.060059015,-0.19547561,-0.063797124,-0.44206136,-0.2174896,-0.089967296,0.3124653,-0.16913977,0.47098035,-0.038162358,0.39942443,0.101720616,0.072611734,0.13238117,-0.12752129,0.21478999,0.35225454,0.18330137,0.2914363,0.13276035,-0.7942331,0.103567734,0.03225112,-0.12912549,-0.42095888,-0.2894152,0.12710251,-0.7833102,0.15221968,-0.02933932,0.045717217,-0.22884727,0.0013008118,-0.049040794,-0.2708546,-0.054905526,0.09530777,0.44194973,0.06090966,-0.039428942,0.025629105,0.24666545,-0.107340865,0.24140748,0.20427933,0.28454408,0.2969574,0.19187641,-0.18014428,-0.066443786,-0.46506894,0.059592385,-0.34796152,-0.18267222,-0.22440952,0.22486621,0.12074956,-0.08742966,-0.5679563,0.00774109,0.41809726,-0.12105283,0.31159577,0.3152298,-0.685249,0.21883482,-0.09467874,0.14807804,-0.012238458,-0.37532526,-0.35041574,0.1490863,-0.04681117,-0.49101388,0.010594204,-0.34818414,0.2036907,-0.09696326,0.04965616,0.42181525,-0.19550912,-0.33406395,0.20986997,0.47097751,0.4162262,0.5713272,-0.49834466,0.030220836,-0.2953033
0.08738537,0.21929032,-0.007013701,-0.4748138,0.5519643,0.029775482,-0.14200824,-0.30468547,-0.1898886,0.14864695,-0.18605545,-0.17563193,0.04821806,0.11584912,-0.5426875,-0.028116338,0.13736539,-0.0018829852,-0.7008841,-0.09484086,0.36456007,-0.2805344,-0.1321799,-0.07106207,-0.20066923,-0.38300633,-0.15400293,0.13865884,-0.31659305,0.1984182,0.6345947,0.52259195,0.10135411,0.35671115,0.197563,-0.48875234,0.09681275,0.42077786,-0.5202276,-0.14014843,-0.17860603,-0.093961656,-0.47627193,0.017836139,0.15302143,0.062151745,0.031261664,-0.35692373,0.35030353,-0.023344869,0.066282675,0.37522972,0.025819167,0.23123191,0.036869206,-0.14754796,-0.112406775,0.087088674,-0.59390295,0.24770495,-0.25441265,-0.3917776,-0.19331497,0.234688,-0.1489833,0.35565406,-0.12958309,-0.33216387,0.028269101,0.18301685,0.30662024,0.17627487,0.5578966,-0.16585705,0.12556197,-0.82135844,-0.19451404,-0.3742451,-0.06841597,0.01032725,-0.5753591,-0.18735763,-0.0036640316,0.47846672,-0.0071018375,0.06060022,0.06633004,-0.045739785,0.17433771,0.10557018,0.056921348,-0.29893684,0.09292007,-0.102461666,0.28360856,0.18669099,0.28965694,-0.3797825,-0.15029289,0.69684714,-0.16975951,-0.31531933,-0.2207171,-0.84334147,0.006954506,0.16532302,-0.24345511,0.38091767,-0.31800702,-0.56834507,0.087534346,0.016338017,0.050213233,-0.5352346,-0.4027977,0.07385491,-0.41266403,-0.06668706,-0.21093492,-0.2463324,-0.09304562,0.13588396,-0.26345295,0.18244722,0.41259164,-0.21193512,-0.2121605,-0.092120364
-0.12252402,1.301783,0.8934926,0.714053,-0.30435735,0.16725747,-0.17081435,0.89575225,0.47399473,-0.62517583,0.34702697,-0.697901,0.58628005,-0.24215183,0.9041586,0.32476568,-0.70395845,-0.09272774,-0.50804013,0.57025176,-1.1568379,0.9225795,0.18261175,-0.16658169,-1.0011184,-0.394324,0.85933536,-0.15781902,0.059840262,-0.6731228,0.74918616,0.71646833,0.45675358,-0.40557852,-0.47111547,0.18009025,0.17112528,-1.2969683,0.5875353,-0.3336194,-0.00572321,0.24149592,-0.6095613,0.8597785,0.5860285,0.3542105,0.122333996,0.8801005,-0.37719017,-0.43311447,0.2981574,-0.010300136,-0.60676384,-0.19648014,0.36076605,-0.018041871,0.564606,0.592744,0.3034516,0.831466,0.53074574,-0.067092,-0.25320336,-0.31984133,0.5605232,-0.22163868,0.28736898,-0.14598155,0.7678186,0.11356575,-0.10446732,-0.25657347,-0.25321618,0.1877991,0.32165518,-0.05612092,-0.2476203,-0.33919007,-0.4159575,-0.07643664,-0.255965,0.22459671,0.30170968,0.13485296,0.5325462,-0.17024425,0.38546336,-0.88341445,-0.5005783,1.904862,0.29837483,-0.50683403,-0.21332292,0.753425,0.61516446,0.8588727,0.10119085,-0.20553628,0.61599666,-0.008249193,0.126145,-0.17417468,0.13135986,0.3721461,1.0945309,0.3217544,-0.2222826,0.42775485,-0.28358394,0.21457405,0.44559944,-0.1092996,-0.3835442,0.24320449,0.46892035,0.05306641,-0.009774045,0.14146593,-1.1439849,0.30392358,0.06163769,0.017048128,0.104463264,0.2826956,0.4492846,-0.57269055,-0.08245867,0.78034383
0.1519666,-0.11292228,0.0029595494,-0.05111584,-0.2946048,0.13941857,-0.2579094,-0.5678775,-0.12708491,-0.6510469,-0.36309743,-0.4145648,0.07949437,-0.1076883,-0.3245622,0.32677647,0.49374226,-0.117515296,-0.47628686,0.38693178,-0.5572046,-0.057595827,-0.13628967,0.5160194,0.8452545,0.010432877,0.2486012,0.059036814,0.22848597,-0.049826086,0.4974404,-0.35578138,-0.11125777,0.10995346,-0.078429826,-0.11148833,-0.5430251,0.52403504,-0.07431325,-1.0127908,0.4098482,0.7612263,0.4139404,-0.21159159,-0.7497702,-0.30826026,-0.8085841,-0.39212087,0.17081292,0.46828705,1.4196986,0.29784453,-0.09185054,0.44396442,-0.58867687,0.77743906,0.43318847,-0.19174865,-0.61586916,0.30883282,-0.5914747,0.5175721,0.1641915,-0.23119797,0.40534616,-0.035474446,0.3026056,0.21207176,0.6579014,0.29989254,0.25850174,0.10377099,-0.25890204,0.76573205,0.3078144,-0.41570866,0.46617657,0.04407467,0.32730624,-0.3086359,0.04054749,-0.21837035,0.22003075,-0.072008386,-0.0037830472,-0.6306938,0.5469737,-0.40885705,0.5603366,0.26517293,0.33804852,0.59009737,0.008292045,0.60822445,0.13855568,0.2201508,0.1427153,-0.61068904,-0.06298125,0.4349246,-0.10987101,0.8569482,1.0951209,-0.2259509,-0.21220535,0.5209334,0.45707667,-0.45758212,0.2959743,0.3521453,0.70341754,-0.120689295,0.0064772405,-0.21304715,-0.70885116,0.385516,0.49517792,0.2834683,-0.015681248,-0.1294196,0.40028232,-0.037975095,0.022605024,-0.6610786,-0.15035039,-1.0694585,0.8131831,-0.0048077153
0.20824344,-0.0031625368,-0.5764053,0.099116854,-0.47146514,0.17358762,0.25437474,0.40179417,-0.23676899,-0.3977486,-0.06556397,-0.023719825,0.08385523,0.020753868,-0.22973499,-0.33373043,0.5070192,-0.04785642,-0.15164754,-0.32818374,-0.074146375,-0.0005171108,0.29823795,0.015032787,0.04470548,0.20372522,-0.08734789,0.29078394,0.38122338,0.36348778,0.55996144,-0.17016199,0.07596114,-0.006436296,0.10000216,-0.34358394,-0.10741549,0.37976113,-0.2994008,-0.60701144,-0.15248635,0.065287136,0.149216,0.15190163,-0.13011047,-0.47744995,-0.043630898,0.30486593,-0.18532981,0.12047844,0.12294307,0.59376645,-0.030948356,-0.033165865,-0.23522872,0.12237002,0.06760288,-0.07851776,0.08336668,-0.24704401,0.054542594,1.2731693,-0.20969865,0.09790782,0.7898493,0.22261181,-0.13354936,0.36659378,-0.07955568,-0.31588614,0.256788,-0.22054636,0.12601823,0.44345734,-0.08585291,-0.21496889,0.2708991,-0.03727995,-0.41351497,0.118294984,-0.37825388,-0.25823456,-0.008815862,0.055140674,0.051376812,0.054040592,0.2967393,-0.057953,0.14667794,-0.011435792,0.17183197,-0.36439294,0.30766672,-0.14948806,-0.11649846,-0.028952792,-0.10451146,-0.027734488,0.34295,0.11133249,0.2673077,-0.15824145,0.06323516,0.21305178,-0.14275208,0.24393287,-0.5876168,0.24549764,0.035043146,-0.5481157,0.36036444,0.14666314,-0.20356919,-0.13237776,-0.09219418,0.035981942,-0.2536169,0.034423187,0.26909775,0.1255347,0.3497235,0.012537301,-0.21954843,-1.0681155,-0.06660088,0.6447151,-0.017640278,-0.09182527
-0.6512637,-0.11625033,0.031048715,-0.06543267,-0.10134866,-0.2331341,-0.14466251,-0.05050432,-0.3001175,-0.7446452,0.06542663,0.06284119,0.06817782,-0.051847618,-0.054039374,-0.3518487,0.08909306,-0.32874003,0.56274474,0.30175167,0.28672093,-0.22380686,-0.27428666,-0.1114927,-0.13226324,0.06115388,-0.11126486,0.2450248,0.39098012,0.14645848,0.9168618,0.030238897,-0.3269542,-0.21476354,0.13794844,-0.47739896,-0.028870717,0.29140887,0.36897492,-0.49647164,-0.6383096,0.35343146,0.21191446,0.2449224,-0.3070407,0.26075453,-0.3730552,0.013683948,0.35399735,-0.3440606,-0.7456708,0.07993037,-0.07942487,0.3655947,0.30491233,0.50634724,-0.18296689,-0.48903683,0.3473656,-0.19795012,-0.13917603,1.2657098,-0.06421165,-0.4228196,0.14034246,-0.11236421,0.11139403,0.30037826,0.06184753,0.12247032,-0.17042018,-0.13515967,0.15039279,-0.1680332,-0.29791507,0.12562259,-0.34919196,-0.5971948,-0.093278475,-0.27046832,-0.0627732,0.10477406,-0.106704235,-0.51400626,0.3809382,0.016687114,-0.20967841,-0.13290909,0.021328375,0.15823878,0.09673167,-0.7764505,-0.2498226,0.09601509,-0.013811342,0.40132743,0.5696467,-0.17795037,0.49174207,-0.22329105,0.30734178,0.25945723,0.08725393,0.36596683,-0.13603435,0.6677662,0.17628655,0.11584929,0.20304732,-0.19137159,0.032341123,-0.22547004,-0.38737464,-0.050858684,-0.09849326,0.2945893,0.33147353,-0.030326806,0.25284308,-0.23737769,0.30118233,0.18385072,-0.30174005,-0.7463525,-0.1301203,0.03183648,-0.1675199,0.06599765
0.14437984,0.19623443,-0.10354961,-0.1618042,0.17246252,0.6980588,0.28069085,0.14599347,0.13942093,-0.19485219,-0.119572625,0.4427944,-0.028194651,0.41854993,-0.12545736,0.1691051,0.15460783,0.1257686,0.40399152,-0.6075039,-0.32372093,-0.08678685,0.40675008,-0.031959485,0.08724354,0.17671998,-0.019589692,-0.2323274,0.43113422,0.044454277,0.55830073,-0.05321961,-0.13400693,0.5672114,0.07150675,-0.31972688,-0.23356915,-0.048033513,0.17802002,-0.90302676,-0.47830862,0.13357806,-0.26116747,-0.14953732,0.1829485,0.11367765,-0.20900162,-0.1361836,-0.3408755,0.032976467,0.3410555,0.36940047,0.306883,0.30345616,-0.011655508,-0.11027848,0.023532534,-0.09894854,0.16445887,-0.3364906,-0.11711329,-1.0002502,0.10429476,-0.36225402,-0.22346395,0.017990708,-0.1064697,0.3916367,0.03263393,0.23815879,-0.05634387,0.78712606,0.058189258,-0.08037768,0.3871171,0.10576002,0.13824984,0.026592657,-0.65781987,0.4921485,-0.46527395,0.051939506,-0.17340653,-0.1920982,-0.17034681,-0.028145239,-0.13944635,-0.082273975,-0.24319951,-0.049190916,0.19532956,-0.6682813,0.63175505,0.20497754,0.2636213,0.13454854,0.11948477,-0.6560248,0.23366827,-0.4883576,0.57767963,-0.23574817,0.22877891,-0.53606474,-0.12099831,0.21153253,-0.40660807,0.87412614,0.26105547,-0.12882942,0.22019014,0.06794438,0.11081736,-0.08389035,0.024468042,-0.059338555,-0.22674535,0.1653023,-0.22345096,-0.50688815,-0.017244935,0.18170318,0.12853777,0.22775888,-0.36514464,-0.50373626,0.36594492,0.19435713
-0.38247302,0.72332203,-0.46425426,-0.45888415,-0.19786918,0.0032619536,0.33431086,0.43956226,0.20627768,-0.4728125,-0.063923374,-0.07176413,0.08511844,-0.20367771,-0.43223208,-0.07374749,0.2458809,0.24777278,-0.49011183,0.24533929,0.456227,0.04614271,0.5425348,0.21369472,-0.12366991,0.25988975,-0.4408628,0.39436412,0.53762376,0.23372947,0.44542515,0.13026135,-0.2803338,0.010269031,0.4469701,-0.0909189,-0.35496503,0.17903775,-0.10139619,0.08962504,-0.4604615,-0.25833023,0.25081557,-0.106506005,-0.68153995,-0.004403129,-0.23677143,-0.13964292,-0.28264475,-0.46299553,0.0067526996,0.08826828,0.08774231,0.24792069,0.24403581,0.17578024,0.50625247,-0.5074461,-0.08374655,-0.3614825,-0.22313802,1.278225,-0.22429962,0.48007786,0.4605198,0.18104866,-0.08027965,0.35264432,-0.4474595,-0.31698072,-0.022787511,0.14645219,-0.32510138,0.19847052,0.22734463,-0.21636008,0.087997906,-0.80341077,-0.03592649,-0.10987901,0.541619,0.3232444,0.0784769,0.43987173,0.30892837,0.6567393,-0.32649,-0.41391808,-0.47302884,-0.3624906,0.1567764,-0.09270635,-0.03567864,0.13916567,-0.11188616,-0.6093253,-0.3514735,-0.21262825,0.5102776,-0.23700435,-0.09813679,-0.20466506,0.50364804,-0.16061047,0.5516885,0.097666904,0.37200442,-0.34447306,-0.26984757,-0.6199219,0.62839615,0.06298996,0.0782861,0.54727703,-0.16888173,0.093564786,0.27645704,0.14140487,-0.25652564,0.035659615,0.36912805,0.2267257,-0.52423567,-0.6428944,0.304294,0.05346638,-0.2068143,-0.23467562
-0.4701557,0.07149582,0.11647096,0.12037748,-0.44299346,0.1300022,-0.23742363,0.046868674,-0.4133256,-0.2965751,-0.23085831,-0.03272441,0.13281405,0.20597762,-0.47566205,0.12533373,0.46616423,0.3131773,0.6305207,-0.10278298,-0.3296049,0.25178483,0.4427725,0.1727318,0.55271006,0.070982166,0.05275809,0.88261425,-0.016594589,0.3066748,0.94679,-0.12813622,0.0017969534,0.045966238,-0.30512318,-0.28134084,0.03791693,0.13128401,-0.14628248,0.32694218,0.17412159,-0.19040838,-0.38176045,0.022238042,-0.28355876,-0.1288192,-0.00879309,0.3720733,0.22790378,0.09984948,-0.06571724,-0.078339204,0.04647538,-0.060762174,0.025947884,0.3084734,0.034732014,0.3657688,0.011174038,0.034388892,-0.07792062,1.2287649,0.4883113,0.38663536,0.24378023,-0.24375886,-0.28306156,0.06339939,0.020580009,-0.61092585,0.13165894,0.18168852,-0.5020013,0.29910558,0.19034854,-0.21541154,0.20276248,-0.2117218,0.026171334,0.34428972,-0.30429438,-0.22868426,0.46849033,0.041255563,-0.1615746,-0.13388893,0.14270307,0.14823551,0.31218553,0.0488153,0.09519586,-0.4100718,-0.05048433,0.19295944,0.29942936,0.18222556,0.34686363,0.32796842,0.49053526,-0.06273273,0.26446605,0.101472564,0.20459467,-0.007709533,0.010590699,0.15663223,0.2696542,-0.114818245,0.5882281,-0.03036157,0.3049477,0.1547376,0.11549287,0.17035566,0.29493958,-0.0018176511,0.22973016,0.013198957,-0.17883089,0.19717383,0.068639204,0.21313404,0.3396568,-0.6080971,-0.1539154,0.3257029,0.21908633,-0.054017335
0.8053632,0.24649584,-0.32941842,-0.43970782,-0.4559257,0.30681643,0.54134214,-0.026750019,-0.37264228,-0.12203262,0.24221683,-0.0005673015,0.09640589,-0.15296707,-0.15382582,-0.26783073,0.50158685,-0.02340968,0.16442928,0.783665,0.12070505,0.3961487,0.38579917,-0.114341125,0.8979306,0.20375493,-0.08720186,0.20098844,0.6854652,0.7907636,0.6318661,0.37843516,-0.035275266,-0.21439959,-0.23433998,-0.25776184,-0.15485516,-0.044364557,-0.15952066,-0.12862012,0.34720495,0.09194337,0.23248303,0.44267163,-0.030644989,-0.10995336,0.5129643,-0.24336794,0.5036099,0.3190934,0.19750804,-0.120442696,-0.049572244,0.20424432,-0.5971169,0.613145,-0.26859543,-0.49936324,-0.12154521,0.16309005,0.25306994,0.83836216,0.24389802,0.26358962,0.19708997,-0.07539718,-0.042493045,-0.3517446,0.3405736,-0.25117052,0.67183834,-0.058939338,-0.2516251,0.37992984,0.2829731,0.043833405,0.42114002,-0.45389318,-0.3208721,0.7634114,-0.5827148,-0.033367425,-0.042764932,-0.107227,0.20828895,0.0718189,0.3766685,0.16878302,-0.28219146,0.35432726,0.33712265,0.1757808,0.0033914559,-0.026611567,0.49482325,-0.1186396,-0.34778908,0.095002994,0.5946756,0.26629302,0.3771086,-0.24881853,0.6545079,-0.33004874,0.08835609,0.0199835,0.03214001,-0.5248352,0.29741144,-0.41587585,-0.29926646,0.036015708,0.12313242,-0.44130075,0.26862904,-0.107927844,-0.11319563,0.39133924,0.71639144,-0.15283081,0.201377,-0.08234012,-0.2848997,0.045001447,-0.37110305,0.15531102,-0.15324104,-0.2308077
0.091884896,-0.10749735,0.31628048,-0.8148865,0.9581393,-0.2865916,-0.4891993,0.06696047,-0.37388155,0.16001913,0.23166606,0.22837657,0.2046107,0.38856667,-0.14501971,0.07115918,0.12890953,0.4502508,-0.0065092295,-0.0312805,-0.035119265,0.40581304,-0.1926586,-0.06363852,-0.003049679,-0.10970912,0.1158558,-0.19239233,-0.31439966,-0.2828676,0.0022966787,0.01445758,-0.12228629,-0.0072914585,0.34664038,0.12790662,-0.34132734,-0.0035953522,-0.14747292,0.3286789,-0.26048332,0.21776831,0.17800654,-0.38704672,-0.031352006,0.31581098,-0.38848013,-0.5177617,-0.17582479,0.41190603,-0.43752968,0.07337139,-0.11108797,0.2364609,-0.058810502,-0.24150425,-0.07674006,-0.0927756,-0.023295395,-0.32457387,0.14846411,0.05260648,0.106773116,0.38623124,-0.22021854,-0.14508814,-0.23570995,0.5005406,0.44220734,-0.04292956,0.19244242,-0.48010245,0.1689537,-0.18812262,0.16464728,0.05255096,-0.01975131,0.49535465,0.08752926,-0.22093786,0.4985567,0.14502768,-0.04110597,0.27805084,0.0026996508,-0.1776887,0.18436643,0.057453886,0.067071386,-0.103891976,0.1844539,0.050995715,-0.13429391,0.0045038667,0.18892913,0.036599845,0.33311385,-0.19323042,0.022435874,-0.17269605,0.33523586,-0.014614239,0.026455237,-0.26088837,-0.22281528,-0.015033506,-0.059590194,0.14269513,0.04922857,0.33037725,-0.19619444,-0.20216157,0.0047418554,-0.08355461,-0.3019788,-0.2828064,0.04665105,-0.40456462,-0.2834326,-0.24255192,0.15038607,-0.6291224,-0.1088608,-0.26429674,0.23816513,-0.03984776,-0.47521278,0.2357842
-0.5357702,-0.22527571,-0.5201455,-0.6767899,0.6436,0.10524671,-0.34860203,0.13548549,-0.19090942,-0.20991172,-0.4658962,-0.08790898,0.9074568,0.049384512,0.3978677,0.64344907,-0.2633634,0.057072777,0.42021725,0.029721837,-0.06369637,-0.14761992,-0.40863177,0.2491647,-0.2378602,-0.14824204,-0.14698274,-0.19842169,0.5174055,0.08458686,0.10211452,-0.3573944,0.35014513,-0.028211564,-0.101079896,-0.8629359,-0.17491288,0.18819045,-0.5654518,0.59242773,-0.39886403,-0.49744484,-0.24305204,0.13684627,-0.28185812,-0.382748,0.10664387,0.15628211,-0.30408007,0.17689084,-0.48759785,0.13834909,-0.15154569,-0.30568504,0.19785659,-0.3733585,-0.71490484,-0.3680346,-0.51217663,0.061100155,-0.16194806,0.25013423,0.5888196,-0.24490331,0.12320015,0.17346701,0.53056383,-0.17607883,-0.46236542,0.72533625,-0.2938941,-0.5939746,0.08515295,0.09388489,0.3550918,-0.15178123,-0.27429423,-0.05858928,0.2672138,0.11612816,0.29603097,0.049455345,-0.43491954,-0.40448192,0.21229367,0.045513373,0.07593011,0.34025317,0.27092335,-0.26221716,-0.26283383,-0.19867453,0.50716764,0.13089046,0.09905708,-0.11581899,-0.5975081,-0.23321143,-0.44842565,0.294554,-0.22509594,-0.006263867,-0.20589815,-0.7113751,-0.028789468,-0.25844902,0.22877337,0.22490904,0.10647115,0.4643672,-0.16844401,-0.0950004,0.2578193,-0.516751,0.2843739,-0.7254762,-0.4059434,0.25833216,-0.038058974,0.5558527,0.5278107,-0.6547277,-0.09928032,-0.54643816,0.7529688,-0.47993717,-0.05341154,-0.14422967
0.32449144,-0.1956184,-0.103241734,-0.076567575,0.9332196,-0.07793573,-0.04219284,-0.2543812,-0.29365018,-0.3040829,0.22543159,-0.20674697,0.05917563,0.12575714,-0.42478326,-0.16260004,0.056902036,-0.090067886,0.43396065,0.17058925,0.27879086,0.27210337,-0.10902488,-0.13020518,-0.22895235,0.13641433,-0.0994539,-0.34103876,0.21204332,0.44408906,0.16808753,-0.4579082,-0.001439251,-0.058859542,0.3075795,0.4507207,-0.13768409,0.02181973,-0.53874695,-0.2285966,-0.02931457,0.09755095,-0.87044054,-0.04857798,0.37830603,0.31345475,-0.28288838,-0.320475,-0.1064446,-0.26170844,-0.08154356,-0.2887811,-0.38961494,0.32431367,0.11856795,0.40892336,0.42712533,0.5898009,-0.43505982,-0.22695589,-0.051673464,0.11369793,-0.18625036,0.2328396,0.0847592,0.29016268,0.11813915,0.43135005,-0.3553023,-0.0993045,0.2547819,0.29968202,-0.26498353,0.19429575,0.18286753,0.12060561,-0.17655802,-0.07400552,-0.025629908,-0.43204916,0.14663959,0.23017545,-0.13427249,-0.3577868,0.2865061,0.30307734,-0.24011992,0.22480918,-0.005239144,0.07845603,0.05024075,-0.77912205,0.12832958,-0.29803324,0.25764045,0.022630595,-0.09283675,0.2591704,0.10182271,-0.30053118,-0.19884875,0.17617044,-0.018677467,0.04683981,-0.37379515,-0.2713062,-0.18515728,-0.3393253,0.18747711,-0.22942868,0.44478428,-0.20080583,0.22400633,-0.10320079,-0.041598614,-0.051098354,-0.5820744,-0.12794308,0.054481506,-0.33444238,0.043525115,-0.09048749,0.050661385,-0.21736537,0.46430585,-0.36858335,-0.5103907,0.3271411
-0.21090327,-0.05346606,-0.22886616,-0.38832054,0.18901335,0.38570756,-0.4481119,0.07735363,0.054360867,0.11066734,0.26120067,0.25088042,0.3075588,-0.6629098,-0.0057878494,0.023201711,0.7664776,-0.29038128,-0.1883289,0.381584,0.36500478,-0.06287941,-0.21829209,0.2915168,-0.004350543,0.28753948,-0.87571365,-0.5053673,-0.4496113,-0.05005438,0.19192967,-0.002061868,0.08170688,0.2938031,0.051566195,-1.018547,-0.3421117,0.2651562,-0.19657382,0.08717487,0.13900752,-0.25754264,0.39086792,-0.34483168,0.11552617,0.5557292,-0.2905502,-0.4177996,-0.9240827,0.0031434968,0.06866113,-0.022557043,0.14728566,-0.4229793,-0.17834254,0.10944085,-0.33156234,-0.19766341,-0.42936763,-0.265976,0.45576775,0.4700137,0.23175137,0.43824103,-0.39436942,-0.20794201,0.34040204,0.12532754,-0.57791656,-0.25302672,-0.15180764,0.30642343,-0.02829497,-0.15124483,0.32508072,-0.4007932,-0.0661337,0.3080487,0.14782597,-0.9807085,-0.14792107,0.30124512,-0.6620573,-0.38897327,0.19200718,-0.39223734,0.079802796,0.22158965,-0.0025039911,0.08652153,-0.019364536,0.3629095,0.11749824,-0.26713318,-0.0045733154,0.47206536,0.24631183,0.30394518,-0.19326925,-0.21270621,0.42936218,-0.48651665,0.11028382,0.017164022,0.10177494,-0.17254311,-0.22685918,0.19031638,-0.60392636,0.5015631,0.04082819,-0.10093087,0.41891107,-0.6150794,-0.11094391,-0.0010881275,0.091765806,0.11662915,-0.530693,0.089178786,0.4651417,-0.48552328,0.11047891,-0.78620136,0.22287902,-0.062357754,-0.040265724,0.20988697
-0.48209128,-0.10126972,-0.08202485,0.60604393,0.6207222,0.07986617,0.3617573,-0.2565239,0.06273547,0.064212605,0.15484427,-0.026910104,0.25901806,-0.5079537,-0.23178712,0.2116148,-0.0073675774,-0.021170918,-0.515967,0.15118071,-0.554721,0.015719771,-0.16291845,0.50391746,-0.69979936,0.66892403,-0.006899208,0.19032381,-0.07836237,0.45943066,0.24076271,0.20313483,0.8312925,-0.07862906,0.72799224,0.7364416,-0.12920946,0.12743849,0.21682152,-0.36434543,0.33398658,-0.062197804,0.09256315,-0.01714743,0.45658493,-0.10247138,-0.25714794,-0.7497868,0.32639802,0.103054464,0.040138647,-0.058321275,0.08851527,0.25443247,-0.12802435,0.08128882,-0.19187576,0.053603783,-0.4032355,-0.21158326,0.009939238,0.13162115,-0.22583872,-0.09476063,-0.28869113,-0.2960144,-0.2367442,-0.29476404,0.4682871,-0.38031104,0.50926375,-0.07752577,0.02765897,0.21479142,0.66222674,0.52397513,-0.5727575,-0.06594038,-0.57537866,0.65052,0.26877692,0.019444019,-0.31670642,0.21194306,0.50455785,0.15207365,1.0917954,0.13626173,-0.5004875,-0.85648286,-0.3153047,0.025086492,0.21539414,-0.6316631,-0.20795083,0.3068236,0.011748582,-0.26354438,-0.06101418,0.14456753,0.69833124,0.33606765,-0.5040821,-0.19494599,0.5455925,0.7554803,-0.40655425,0.1862532,-0.4312954,0.122332186,0.47796553,0.33316004,-0.011101931,-0.35661536,-0.020794056,0.41039917,-0.5965022,-0.32672346,0.15251423,-0.21668656,-0.4771204,0.7742108,-0.476274,0.36058828,0.41004258,-0.21000454,-0.6712251,-0.24173468
-0.14002612,0.01566431,0.13957797,0.4554458,0.3101238,0.22344317,-0.12690245,-0.11108646,0.46897072,-0.055558607,-0.14241163,0.07346625,0.80154186,0.3743004,-0.20116338,0.2007424,-0.23425162,-0.49337912,-0.21048029,-0.2631998,0.6161684,0.44238305,0.1398541,-0.09867491,-0.22335301,-0.20351142,0.44951242,-0.21077913,-0.17246301,0.4316255,-0.31369036,0.70835006,0.3758773,-0.5692541,-0.336733,0.37698248,0.50890785,0.2535056,-0.31602392,0.39162034,0.3317092,-0.28542638,-0.7929108,0.27536127,-0.27415645,-0.3726268,0.09795439,-0.3412969,-0.058727697,0.075907424,0.012185551,0.08263912,0.059801634,0.6477996,-0.0103184115,-0.19712088,0.113004304,0.046952456,-0.0394423,0.43635035,0.031054959,0.11503209,-0.027931422,-0.08443981,-0.4285203,-0.19358295,0.4702633,0.1589125,0.1582124,0.043415114,0.083479315,-0.13371551,0.05882381,0.19036298,-0.52346027,-0.1509404,0.58706164,0.18641423,-0.19660237,-0.18923348,-0.12854087,0.07779615,-0.42079422,0.20640258,0.27825218,0.39095193,-0.16031703,0.39189208,-0.1714761,0.17458518,-0.17282364,0.03181176,-0.18163764,-0.028825834,-0.06324591,0.6825445,-0.4776022,0.028730989,-0.07430967,0.16927308,0.32882258,-0.4114813,-0.19188753,-0.16869336,0.1334471,0.10107928,-0.5392533,0.3082929,-0.13690342,0.0555869,-0.19571227,-0.37699077,-0.3661191,-0.1319249,-0.026397027,-0.07410105,-0.053709105,-0.17769869,0.37396502,-0.01972431,-0.31236994,-0.19435126,0.36091018,0.011032186,0.25867662,0.19340809,0.17760572,0.16103703
-0.2341088,-0.5284868,0.23049796,-0.5291006,-0.24619316,-0.21963142,0.37945646,0.28792566,-0.010530528,-0.1627128,0.3102082,-0.56402296,-0.053563237,-0.2869674,-0.06744898,0.36428857,-0.30161896,0.01630801,0.19492349,-0.36258048,0.3559763,0.36229557,-0.022630636,-0.0081643835,0.20700216,-0.6245097,0.09885564,0.2657437,0.493169,-0.14775926,-0.41005588,-0.025730472,0.028924838,-0.12838063,0.110049,-1.1773432,0.08466396,-0.44495207,-0.14101359,-0.23613568,0.13833961,0.1865405,-0.24566601,0.36536175,0.2138234,-0.5102277,0.36463797,0.61275375,-0.37583062,0.30521858,0.14513649,0.20102973,-0.24458615,0.20761305,0.013792414,0.066169955,0.3249783,0.026259962,-0.20807654,-0.23761627,-0.096908644,0.17057447,0.66034937,-0.22575246,-0.18998131,-0.14739963,0.370892,0.05445876,0.30550426,0.5041803,-0.2879341,0.06107468,0.22771206,0.37658566,0.27170926,0.8311675,-0.035633516,0.42733157,0.3781862,-0.070367426,0.533572,0.44320107,0.060140938,0.22170086,-0.29461774,-0.5196215,-0.2819203,-0.10964282,-0.17642835,-0.40650928,-0.34015763,-0.33699772,0.032455243,0.24582466,0.09531831,0.11995957,-0.08232686,0.08860849,0.36836234,0.6099059,-0.24119636,0.20610029,-0.2402829,-0.6701623,0.10346354,0.04071896,0.40031347,0.45570165,-0.13115716,-0.16829537,0.31692773,-0.47401175,-0.107934296,-0.39565665,-0.61769366,-0.37326565,0.23399934,-0.36978555,0.10243238,-0.4830707,-0.36851737,-0.51560557,0.24568146,-0.30572897,0.28795975,-0.40102202,-0.31345856,0.123741016
0.074846625,-0.31063053,-0.32295108,-0.63462543,0.69404936,0.45566428,-0.56108487,-0.3673927,0.32492262,-0.19257045,-0.048008278,-0.46398383,-0.4509458,-0.17973831,0.046925858,-0.16404057,-0.38244855,0.22048041,0.16612479,0.2548825,0.21840993,0.65927887,-0.2823968,-0.5034694,0.080549866,-0.6285685,0.09520537,0.4469479,-0.0072675794,0.29696202,0.19349308,0.566468,-0.49984777,0.044986606,-0.17812869,-0.49408007,-0.140246,-0.25646624,-0.07571684,0.41178733,-0.06989716,0.45321876,-0.29274058,0.28705448,0.12050111,0.26208726,-0.25645083,0.22935899,0.03789147,0.122211844,0.14952995,0.005335808,0.61858463,0.1715925,-0.1923717,-0.57616735,-0.5344662,0.3366951,-0.4029013,0.20330074,-0.04849992,-0.1206865,0.2846368,0.16296947,-0.063297465,0.27535424,-0.31243715,-0.15955478,0.6536013,-0.06889838,-0.8218159,0.23944938,-0.30275565,-0.3497311,0.22862351,-0.86301726,-0.34028116,0.3432633,0.43250707,0.22091223,-0.70049787,-0.4185084,0.24320772,0.21140018,0.6643723,-0.2951221,0.39239228,0.36536485,-0.14186674,-0.10505204,-0.32639802,0.75937885,0.9287345,-0.8041365,0.21347077,0.07290661,0.64192176,-0.03449443,0.10696262,-0.015188381,0.08532694,-0.11455669,0.3777019,0.10687837,0.0072763264,-0.3816354,0.19381121,-0.18092494,0.47994137,-0.108689606,-0.052241173,0.06358106,0.04589282,-0.12557198,0.08006188,0.04087747,0.37468582,0.26450557,0.31473774,-0.5440007,-0.1359916,-0.54043967,0.5422485,-0.3984086,0.13847809,-0.53327763,-0.19894709,-0.3217267
-0.44612774,-0.27786824,-0.31967252,-1.0593923,0.7586766,0.7845702,-0.17945245,-0.048983857,0.21159384,-0.07780367,0.3956305,0.13464133,-0.31128627,0.52114844,-0.014582738,-0.23633291,0.20678666,0.20512025,-0.6715441,-0.22442648,-0.08113709,-0.17347935,-0.6032804,-0.40090343,-0.1537452,-0.93436855,-0.20173843,0.18638746,-0.1908592,0.27875262,0.045885876,-0.52435,0.37622786,-0.40575922,-0.3971614,-0.6264995,-0.058020294,0.3383643,-0.20559192,-0.83587235,-0.8636593,-0.0255256,0.03606224,-0.09255473,-0.41601574,-0.116922,-0.7715908,-0.028103717,0.26694867,-0.28222704,-0.24190141,-0.0760373,-1.1068207,0.25234866,0.15875594,0.39523247,-0.48855317,-0.0067714825,-0.025642395,-0.30698067,-0.5192498,-0.10102199,0.111972466,-0.12552595,-0.14285299,0.08623503,0.18681589,-0.44053268,-0.27844515,-0.30820155,-0.22653207,0.5015274,0.5698458,-0.31462628,1.1427944,0.13014024,-0.15266578,-0.14289391,0.70908463,-0.14494574,-0.21264143,-0.3016581,0.19828042,0.34745556,0.1675926,-0.5779349,-0.010442009,-0.5095793,-0.069302574,-0.21114692,-0.5050101,0.16873398,0.13499391,-0.105497435,0.17135027,0.19405249,0.1861507,0.0150886625,-0.05496359,0.09011662,0.26516852,0.9954639,-0.53666323,-0.8219383,-0.4262143,0.5165621,-0.8825878,-0.006271124,-0.7012112,-0.05452673,0.08618084,0.09800088,-0.21371207,0.026047483,-0.3024877,0.40392798,-0.24964638,-0.19637604,-0.050363645,-0.27565148,0.45629555,-0.38218898,0.019841105,-0.8736335,0.5780951,-0.25206038,-1.1793025,-0.35505977
0.62864566,-0.12552607,-0.055180453,-0.7306663,0.40643364,0.78241646,-0.9660781,-0.34041873,-0.44703647,-0.06409089,-0.6282803,0.23073044,-0.36936015,0.7010708,0.3714592,0.17826131,-0.42884725,-0.6403316,-0.0075366274,0.050125968,-0.17292573,-0.18266428,0.13513052,0.17045286,-0.11284952,-0.49413878,0.8058532,0.2732308,-0.5567757,-0.16464014,0.35487115,-0.60177284,-0.43318164,-0.2937161,-0.5901686,0.09354669,-0.9237677,0.81031835,-0.98467326,-0.054654777,0.41593665,0.2376594,0.32478493,0.26851547,0.17908913,-0.25110176,0.24730209,0.6182983,0.11646909,0.58742434,-1.0615171,-0.21826954,0.19843405,0.7156151,-0.9193157,0.37871614,-0.20271036,0.17054091,-0.17283641,0.84302247,0.3777901,-0.4103218,-0.0989445,0.522737,0.36634642,0.040059075,-0.23853415,-0.56445086,0.11045933,0.21883118,-0.9130938,0.25391543,-0.16982608,-0.57582825,0.7906996,0.5441723,0.017309662,0.027061976,0.2066896,0.15967304,0.10704594,0.31595895,-0.7498124,-0.70355546,0.034288686,0.3378574,-0.3863566,0.27230507,0.7614713,0.09795021,-0.20412946,-0.44107965,-0.3848469,-1.473361,0.4560083,0.32773572,-0.5663043,-0.64588505,-0.7621434,-0.029617816,0.632059,-0.41655776,-0.09872168,-0.18515429,0.09490273,-0.29604375,0.4740821,0.5921388,0.25570992,0.24912043,-0.17483535,-0.46236798,0.1996904,0.7249809,-0.121720195,0.4171937,-0.8476337,0.41460514,-0.31886083,-0.05938361,-0.20354037,0.041519,-0.7867052,-0.5216756,0.678673,-0.19720769,0.39260578,0.09981196
-0.14622545,-0.3752261,0.20801312,-0.46364552,0.7469204,0.19987234,-0.10162458,0.004887363,0.07086773,0.54354984,0.050445035,-0.022896983,0.6957935,-0.562952,-0.100174576,0.39276552,-0.3887668,0.44195566,-0.7785286,0.07946582,0.58510375,0.21183325,0.08221722,-0.46426958,0.27832034,-0.51189333,0.050877318,0.16524182,-0.33496192,-0.043205917,0.77244675,0.06539449,0.10918269,0.31361142,-0.30838707,0.36313477,0.30604687,-0.07142959,-0.4769886,0.35733727,-0.08532433,-0.21725938,-0.5563458,-0.4631269,-0.2617586,0.03007441,-0.049288675,0.18810405,-0.21472612,-0.34947765,-0.18643399,-0.10108486,-0.17592517,0.16871151,-0.5227804,-0.117287755,-0.28328198,0.4750547,-0.2231094,-0.25166512,-0.12295534,-0.59188116,0.09391163,-0.38336858,0.10808877,0.18663198,-0.5859351,0.05664268,-0.02374624,0.17829505,0.28191417,-0.5265516,0.08101146,-0.2044007,-0.0090222955,-0.26368877,-0.25823176,-0.22595173,0.13259561,0.3062588,0.6532261,0.21276297,-0.064056516,0.21846214,-0.31532302,-0.08795129,-0.3831784,0.2933492,-0.090535074,0.18508887,0.019262996,0.34292185,0.45610893,0.12013404,0.1523026,-0.30301476,0.3168667,-0.15672399,0.078162104,0.06472033,-0.28307378,-0.23211078,0.1766923,-0.25129384,-0.1578953,0.20650223,-0.173368,0.027767926,-0.48290634,0.06065865,-0.19715449,0.0026707593,-0.13179827,-0.6044269,-0.22244225,-0.015584603,-0.35509732,0.009259034,0.09863906,0.0071279705,-0.10851542,-0.21086307,0.022269282,0.061505035,0.092368364,-0.3125877,0.18452278,-0.6029396
-0.043160282,0.15700032,-0.17446554,0.096504666,0.529881,-0.6308344,-0.36364478,0.26323575,0.051603705,-0.8104551,0.10484379,0.67139673,-0.12241611,0.31696266,-0.17177138,-0.50661385,-0.4268365,0.23084982,0.28381976,-0.18985216,0.10293051,0.57458735,0.18964782,-0.32488933,0.01578245,-0.6327945,0.3558867,-0.18572946,-0.22394001,0.6255164,0.5340283,0.030480295,0.64377815,-0.013820201,0.09489831,0.7918662,-0.28101543,0.2111001,0.4763922,-0.6931198,0.39535254,0.039340258,-0.74291843,0.019936934,-0.22077179,0.2269005,0.033752725,0.21294178,-0.27901536,-0.25926676,0.2840486,0.38903156,-0.68546176,0.15589952,0.01276368,0.05400252,-0.49876267,-0.19745001,0.036187425,0.4038836,0.28021777,0.068745956,-0.3960052,0.031898156,-0.20796435,0.209037,0.47490203,-0.3240487,-0.5302204,0.07819075,0.13025558,-0.55694234,0.11464612,0.033862814,0.54463995,-0.44131812,-0.21556634,-0.24391901,0.031873956,-0.36170802,-0.12947235,0.507684,0.71832716,-0.043760948,0.4477867,-0.22954336,-0.563026,0.19653863,0.06421472,-0.005775973,0.037655033,-0.2122951,0.42640352,-0.33102348,0.25466752,0.43582934,-0.6834055,-0.811379,0.43939236,0.19643755,0.08051715,-0.11852521,-0.6488203,-0.132011,0.0109471865,0.54868424,-0.023173308,-0.06378451,-0.041914508,0.50012606,-0.19830632,-0.65000534,0.41338474,-0.4867319,0.5828578,-0.3557821,-0.18259788,0.2806389,0.3459675,-0.2653997,-0.5997725,0.02060777,-0.22851983,0.6782208,0.3004194,-0.76925725,-0.5086247,0.14162192
0.05837908,-0.24650988,0.037668124,-0.10571858,0.22537133,0.09873223,-0.07474426,-0.33730304,-0.33278495,-0.24575114,-0.23726703,-0.66764987,0.30714428,0.011115238,-0.13700898,-0.26045388,-0.27648917,-0.020459363,0.24870953,-0.06820199,-0.36959442,-0.021812677,-0.005069285,0.312486,-0.02847188,0.45137233,-0.07713816,-0.47510427,0.032872878,0.11662562,0.56971216,0.23256277,0.012008322,-0.13334627,0.1495831,0.62092125,-0.22060466,0.25835145,-0.37668043,-0.6709335,0.24338365,0.32563138,-0.2929371,-0.04062976,-0.104169406,0.08860438,0.36452436,-0.04294746,0.5705911,-0.23682186,0.12479827,-0.46970928,-0.16454583,-0.42088377,0.37910855,0.17662832,-0.015629157,0.11444412,-0.055988133,0.2707951,-0.0027434304,0.46110547,-0.15343755,-0.28862098,0.17377415,0.27926725,-0.2592245,0.43924856,-0.49532032,-0.27177197,-0.20480114,0.04651001,-0.49407277,0.14490843,0.15849973,-0.08668388,-0.12983218,-0.63237846,0.024772007,-0.21761002,0.0817416,0.1040239,-0.15677974,0.34352946,-0.64641494,-0.21066518,-0.24227552,0.09362353,-0.38438976,0.15026627,0.16645136,0.13169956,0.046908338,0.30925947,-0.24471101,-0.18142694,-0.4051013,-0.30829406,-0.045132637,-0.7719529,0.019112162,0.037841458,-0.67647594,-0.18619002,-0.27497268,0.28470537,-0.46897668,0.48929957,0.142542,0.7387908,0.1394312,0.17572033,0.042191833,-0.8151073,0.1906386,-0.03570959,0.22063097,0.012486473,0.31059033,-0.18299517,-0.65734375,0.75519556,0.37531325,-0.021860912,0.6182271,-0.12026615,0.44237137,-0.36228257
0.15276136,-0.05477902,-0.2644981,-1.1068262,0.6420035,-0.3545491,-0.21405342,0.07093286,0.16271025,-0.1712609,0.19232538,-0.5291284,0.65769565,0.0029198974,-0.012365556,0.004372947,-0.30637783,0.26200882,0.2594366,0.21852088,-0.109785646,0.07348516,0.011071399,0.12460213,0.18852484,-0.23802823,-0.18619464,0.33679882,-0.19447362,-0.24812618,0.4729787,0.34522393,0.14529942,-0.17146985,-0.20383015,-1.2630073,0.07593319,-0.4409925,-0.33474487,0.007906143,0.14458655,-0.06639399,-0.20634001,0.22385219,-0.53845227,0.5789936,0.009736501,0.088253066,-0.46486473,0.1666063,-0.117664844,0.06962248,-0.08638769,-0.10229263,-0.2391567,-0.30780292,0.22304517,0.18435568,-0.32921234,-0.054745067,0.21837832,-0.039273605,0.20267257,-0.34522188,0.10012384,-0.05136451,0.31563008,-0.046228103,-0.15460321,0.34604523,-0.17940831,0.49074534,0.056578726,0.33008367,-0.080966346,0.65650785,-0.10929455,0.8897532,0.35306618,0.26227394,-0.40473253,-0.08075322,-0.13477147,0.44010377,-0.05751744,0.36178133,0.03456502,0.25446704,-0.40103865,0.27070627,-0.562644,-0.09676126,-0.073940024,-0.08251071,-0.049324106,-0.2096781,-0.34102723,0.17560151,0.36753,0.7216012,-0.232124,-0.17061415,-0.4645066,-0.3259349,0.09622182,0.063802645,0.5010187,0.35345507,-0.60028464,0.2821682,0.099473685,0.23988526,0.34338337,-0.15405637,-0.09974577,0.21756384,-0.25365946,-0.8337488,0.42786035,-0.26087987,-0.4560126,-0.15796122,0.4260536,-0.44797167,-0.051064607,-0.14606059,-0.16984084,-0.096726105
0.48238003,0.15387917,-0.30277854,0.18145359,0.1004864,0.3726986,-0.1772911,0.44873613,-0.31191492,0.099042475,-0.020687789,-0.28028873,-0.25694013,-0.55722773,0.3079836,0.48837042,-0.32226208,0.24102138,-0.76433986,0.27637067,-0.7388697,0.06251356,0.35212824,-0.5785272,-0.68805707,-0.11860523,-0.28833464,-0.7317905,-0.19751866,0.24682434,-0.2769295,-0.2918228,-0.5060853,0.14823863,-0.22797328,-0.92936313,-0.042372085,0.039353114,-0.16954426,0.29824436,-0.35332873,0.02733761,-0.30309635,-0.11473598,0.13539328,0.5365251,-0.2408356,0.17515121,-0.24228737,-0.109801926,-0.26710054,-0.0038694143,0.9899538,-0.5838982,0.5391178,0.143591,0.21525222,0.19324192,0.40656394,0.34583932,1.0870352,0.47697386,0.22953431,0.07645645,-0.123952664,-0.4833668,-0.10405775,-0.50853866,0.36277694,-0.16203848,-0.03176555,-0.072103344,-0.17274757,-0.28871766,0.06175244,-0.13282734,-0.22311532,-0.019943416,0.17945197,-0.8073119,-0.9454719,0.10944477,-0.5474965,0.20752165,-0.0017532967,-0.4675376,-0.67366374,0.057576805,-0.27094272,0.06698457,-0.010014795,0.89087564,-0.7193133,-0.32202643,0.638335,0.18149556,-0.25337473,0.19107148,-0.7293451,0.38075092,0.26673272,0.34129947,0.23108494,-0.38773534,-0.36940438,0.42392042,0.4209118,0.20318118,-0.2303596,0.5418372,-0.006150987,-0.1556187,0.4243225,-0.49189615,0.6091027,-0.35698402,0.7585573,0.36834413,-0.08121273,-0.33828688,0.3045593,0.11682117,-0.038067244,-0.079998046,0.4450905,-0.59568346,0.3625879,-0.2781661
-0.30438146,0.06294231,0.181299,0.32746327,0.40447193,-0.1407811,0.25220877,-0.26699427,0.0039726757,-0.5592224,0.32556683,-0.1007711,0.44511738,0.52674556,0.788829,-0.5181441,-0.14860664,0.168216,0.061520375,0.015353406,0.14286923,-0.16369268,0.21702102,0.3200538,0.20623758,0.37302923,-0.06334607,0.15925542,0.51707864,-0.1008916,-0.08898984,-0.18977019,-0.002814576,0.008792624,-0.06344854,0.45316374,-0.18114254,-1.0393664,-0.3313447,-0.058900684,0.38027984,0.05396963,-0.007524565,0.04919657,-0.015641393,0.05110367,-0.1457294,0.17223302,0.3268855,-0.22686397,-0.1343738,-0.3121374,0.718061,0.23959562,-0.54455256,-0.011870971,0.23336813,0.15646298,-0.13988034,-0.2107721,0.2769398,-0.043179408,0.16558655,0.041950528,-0.19598714,-0.39140567,-0.2858642,0.52162737,0.35289514,-0.063970774,0.09184642,0.31974155,-0.04791625,0.34487063,-0.8770529,-0.4522927,0.32673353,0.098794,0.116871834,-0.29186347,0.4004783,-0.38201612,-0.4214334,0.12187182,0.02683387,-0.18911009,0.24791569,0.11244484,-0.18299335,-0.025115658,-0.5989474,-0.2805633,-0.49924436,0.5638445,-0.21668644,0.5565442,0.019045562,0.3879649,-0.07337412,0.39078134,-0.5821386,0.19094446,0.24083911,0.18164593,-0.16084911,0.011926662,-0.2273142,0.21145526,0.08297028,-0.072826385,-0.040751506,0.0797469,-0.013676941,-0.4313863,-0.5532189,0.5607811,-0.026544802,-0.7283422,0.40950117,0.08872883,0.5507666,0.028461687,-0.29827565,0.55540985,0.3953932,0.67945194,0.064402044,0.04088979
0.012026947,-0.34080344,0.3287567,0.39809144,0.44149667,0.062156625,-0.66254294,0.13571273,0.30391616,-0.6056249,-0.33929142,0.080966175,0.62014407,-0.16841751,-0.72622293,-0.11566331,-0.30331266,-0.10180057,-0.452007,-0.19879322,-0.02005702,0.43118882,0.16790001,0.108296834,-0.054592595,-0.44246572,0.046550155,-0.32081136,-0.4218663,0.4996627,0.24894848,0.15713453,0.009091182,0.31319493,-0.24879265,0.46231383,-0.21267137,0.008530021,0.25600296,-0.27994862,-0.3442073,0.1587586,0.046455756,0.024623515,-0.32699296,0.22748734,-0.17126599,-0.097457916,0.056156933,-0.16634585,-0.065398484,-0.105681814,-0.11065817,-0.039906036,0.034230705,-0.2009992,-0.49849498,0.37114656,-0.1712446,-0.09812156,0.24525866,-0.47143373,0.31572098,-0.5650356,-0.008274017,0.146444,-0.26763245,0.4386539,0.13498037,0.27300274,-0.3061973,0.29168457,-0.0735898,0.05113723,0.110476024,-0.12953568,-0.17065617,-0.4385937,-0.06224577,0.15980731,-0.1709423,0.2569999,0.13869867,-0.05445139,0.29648834,0.46916133,0.16566113,-0.018996727,-0.44323647,0.092181206,0.13684222,-0.12290764,-0.060043544,-0.3455714,-0.42336595,0.10956594,0.19619417,0.38998738,-0.25753003,0.5161028,-0.7115737,-0.04562446,-0.16071454,-0.30761713,0.54602975,0.19438457,0.18356764,0.23427537,-0.0102467835,-0.23530287,-0.07290439,-0.019282188,-0.16987926,-0.5189029,0.0047189556,0.12585121,-0.6377551,-0.10855256,0.09877708,0.022092458,-0.34697694,0.13402694,-0.11009888,0.30042616,0.6532587,-0.24207495,-0.38096604,-0.18339701
0.14105526,-0.5198076,-0.19511631,-0.1451733,-0.23902757,-0.038409993,-0.5166197,-0.028058812,-0.74492097,0.15829422,0.051463142,-0.55713195,-0.10612335,-0.27575582,-0.2139803,0.6187489,0.30224374,0.16469246,0.09088152,-0.69789195,-0.06375824,0.13431627,0.6024171,-0.14314975,-0.5437846,0.35446084,0.14860146,-0.16224472,-0.31622258,0.97807324,-0.08272308,-0.033793047,-0.35089687,-0.39259633,-0.08872138,-0.5955384,-0.4374941,-0.1909303,0.55631155,-0.17093915,0.09000265,-0.6459543,-0.25943398,0.14052044,0.07908948,-0.4111705,-0.047456972,0.07393183,-0.036082305,-0.2086286,-0.16887018,-0.20538336,-0.48482457,0.28658655,-0.49363074,-0.33917767,0.039630502,0.3293613,0.5107826,0.23704177,0.2816009,0.3054269,0.25897193,-0.11682312,0.49559414,-0.16576669,0.60894805,-0.23473102,-0.20003423,0.65249646,0.069576815,0.61157846,0.28669146,-0.562835,-0.19466302,0.46974635,-0.35849166,0.6139598,0.09106028,0.6104382,-0.31588638,-0.24310015,-0.14254054,-0.10810727,0.044800617,-0.04089597,0.0382652,-0.49322912,-0.1297359,0.2688067,0.15914123,-0.102503814,-0.06994465,-0.34871674,-0.09589042,0.17831351,-0.42789802,-0.21048316,-0.01446989,0.3934571,-0.046996627,-0.04239376,0.4525396,-0.09174743,0.12582912,-0.15719366,-0.25102648,0.2736168,-0.25412035,0.12910059,1.1010977,0.08059698,0.31568763,-0.3334295,-0.10665149,0.36362147,0.33609742,-0.16326849,0.12103289,-0.11026789,0.2383675,0.25214168,-0.38299692,-1.1812308,-0.35932738,0.45923764,-0.10970168,0.8052448
0.052554037,-0.10304071,-0.076645,0.29975232,0.64576167,-0.048431344,-0.71251506,0.11055004,-0.42693213,-0.5908189,-0.25506714,-0.58547604,0.07766105,-0.54229367,-0.30860385,-0.17668073,0.027487462,0.15318081,0.33476806,0.062001437,0.6085021,0.2631547,-0.07795885,-0.027815085,-0.32019812,-0.049850024,0.71450555,0.15002263,-0.02276157,0.43306863,0.38765347,-0.35870227,-0.022328414,-0.10765305,-0.273629,0.60827655,-0.41285503,0.4168863,0.36675423,0.09858392,0.27911672,0.44058022,-0.5371152,0.5495241,0.33698145,0.28844625,0.25045976,-0.14103739,0.1603274,0.15933834,0.14889398,-0.0970501,-0.18792656,-0.0017030891,-0.0545777,0.27288204,0.030234441,0.309729,0.20313944,0.0084196925,0.056014,0.117452435,-0.27495372,-0.27319628,-0.28015268,0.29195064,0.32730806,0.6292493,-0.5131605,-0.03244505,-0.013183523,-0.11375584,0.12786514,0.2608303,-0.12554899,-0.18532553,0.24551404,-0.34878445,-0.1277778,-0.29806244,0.40060225,0.8240634,0.27160737,0.054612346,-0.057030573,-0.18060645,-0.20510182,0.046047937,0.06887081,0.41545984,0.6312497,-0.14960197,-0.18955745,-0.060000405,-0.0573018,0.043169364,0.22857015,-0.64146066,-0.25787836,-0.06533855,-0.008125477,-0.5481327,-0.33109754,0.0029991344,0.41534263,0.35348433,0.21631047,0.13026005,0.014936432,-0.15083939,0.19743133,0.15460952,0.12266225,0.19832967,0.23048204,0.36411166,-0.5212295,-0.013797596,-0.3349687,0.19983901,-0.48969564,0.06442445,0.11919586,0.13482186,0.5081835,0.18763475,-0.11001008,-0.22514962
0.12154281,-0.31580955,0.20137408,0.82972205,0.42193323,0.25875816,-0.3473102,-0.05400265,0.01407776,-0.03569728,-0.009781387,-0.25965235,-0.021174885,-0.41938117,-0.3914038,-0.07247999,0.17182973,0.18108685,-0.07603955,-0.54857916,-0.17278242,0.0028605908,0.21929023,-0.2519137,-0.08721854,-0.40220547,-0.37745935,0.15836108,0.061421342,0.34093276,-0.14640287,0.27683958,-0.03973107,0.17316316,-0.3190611,0.24847879,0.12966923,0.4306836,0.051702686,-0.024855092,-0.32265306,-0.83212394,0.09951077,0.25517,-0.11944732,-0.50504833,-0.07763023,0.27822044,-0.6186466,0.2592504,0.3861412,0.012261666,0.27794775,-0.018898796,0.30134997,0.46449763,0.11915999,0.31256202,-0.26036042,-0.61348724,-0.42618895,-0.40587118,0.26283687,-0.15113516,0.1433935,0.119116165,-0.17674814,0.032148384,0.13538428,0.04415229,0.26404035,-0.102715336,-0.17818837,-0.12987094,-0.46905214,-0.49950683,-0.13391449,-0.39221558,-0.5212176,0.024878597,0.2740219,0.016538735,-0.079479486,0.3518519,0.098977424,0.20488194,-0.05942116,0.40439275,0.35911906,-0.09216279,-0.013462409,-0.05378003,0.17961699,-0.10774198,0.4009211,0.315951,-0.32477516,0.44885376,0.120245904,0.82314944,0.066480875,-0.5683391,-0.36944515,0.04944498,-0.3592137,0.0515334,-0.17007229,0.42983037,-0.17997248,0.06744907,-0.001999192,-0.26539516,0.3257398,-0.047671244,-0.11367904,-0.004008703,0.049745224,0.27042645,-0.10817817,0.0013775751,0.25087354,0.43000734,-0.35162956,-0.06437571,0.6575421,-0.01603989,0.013117608,-0.3278809
-0.16805544,-0.35026008,-0.20016038,-0.03612262,0.40988502,-0.16238715,0.099364966,-0.5215446,-0.24269718,0.17769738,0.08046988,0.40957627,-0.08972184,0.08519705,0.8045493,-0.26866293,0.12386767,-0.3178783,0.24606556,0.0061525293,-0.5608948,0.061361194,-0.12601094,0.19340733,0.4554833,-0.1528164,-0.20862894,-0.5565616,0.5568762,-0.21019644,-0.060459014,0.010800765,0.07813957,0.029223628,-0.25359273,-0.052519202,-0.42046618,-0.17613883,-0.16457516,0.8199599,-0.18742763,0.33460778,0.039251648,-0.62295383,0.26961297,0.25837475,-0.2644804,0.41698855,0.16153803,-0.03862582,-0.51735604,-0.37573242,-0.047958728,-0.3171312,0.13893345,-0.024231035,-0.019784518,0.05817488,-0.46747434,0.74800724,0.2814608,0.4791078,0.37410524,0.53902394,-0.17556459,0.9280516,0.42171434,-0.04110831,0.07126682,-0.17718717,0.38202122,-0.21143214,-0.0052602664,-0.05429209,0.09163177,-0.16579808,-0.2731075,0.51820093,-0.05307925,-0.40979362,0.406353,-0.29123783,0.049127713,0.7054913,0.30426902,0.35734418,0.0047500953,0.13966173,0.117530614,0.15621804,0.024189346,-0.23366739,-0.013933013,0.0985433,0.3044594,0.52583545,-0.120125264,0.23265073,-0.34557998,-0.27078134,-0.4186609,-0.9523093,-0.09930265,0.29548687,-0.45429546,-0.27776033,-0.1944097,-0.4648616,-0.12877499,0.47205526,-0.40033627,0.07436265,-0.26066372,-0.07134133,-0.10575527,-0.38672727,-0.057971124,0.21937773,-0.23417823,0.65055525,0.4162556,-0.4910167,-0.11697241,-0.31111434,0.14186251,-0.18205136,-0.724957,-0.24482028
-0.13066733,-0.455782,0.42105007,1.3933524,0.026286274,-0.30040723,-0.28260803,-0.15961748,0.3233914,-0.49345142,0.024827234,0.06615629,-0.1162336,-0.3601942,-0.13034432,-0.20476595,-0.038790084,0.29425678,-0.274468,-0.29324037,0.14562586,0.092383616,0.084194764,-0.47071803,0.29300588,-0.44351348,0.008098874,0.24215105,0.49720982,0.42783558,-0.061654188,0.56940377,-0.44146973,0.009668577,0.5681364,0.70379686,0.1885003,-0.07325046,-0.24332428,0.3970618,0.19081894,0.30675757,-0.065559685,-0.096529365,-0.1298393,-0.15012293,0.26453948,0.18179137,-0.28593984,-0.3916868,-0.24766514,0.121729,0.0589094,0.06049505,0.14996885,0.12299861,-0.23444963,0.6919522,-0.09571015,0.19118063,0.063796625,-0.22044787,0.12197103,0.07253824,-0.032202665,-0.065171674,-0.2176873,-0.21732685,-0.26816893,-0.28706715,0.17395817,0.10108104,0.14000335,0.39814866,-0.13078797,-0.034534592,0.66007185,-0.8107118,0.020226017,-0.25639573,0.33868355,-0.10812243,0.41952306,0.16239926,0.0045056343,0.102356024,-0.011663243,-0.036725864,0.17331374,-0.6487816,0.11891328,0.18707067,0.6809933,0.2985578,0.12738135,0.24838942,-0.4190591,0.2149982,0.21661785,0.5358415,0.40812162,-0.08231848,0.04620271,0.037793808,0.43975544,-0.049741656,0.322299,0.11193849,-0.23303293,0.013709031,0.3529371,-0.054521173,-0.035767753,-0.17814335,-0.27026534,0.13753329,0.5957565,-0.06332255,0.3928943,0.103037074,0.13828883,-0.25446746,-0.15911275,0.23559126,0.4621005,0.15715894,-0.1444407,0.029858924
0.5073005,0.6825256,-0.07342987,-0.19116235,-0.27895835,-0.17164987,0.113031715,-0.27706426,-0.2168011,-0.31771642,0.5019686,-0.8077406,-0.024856772,-0.24983017,0.34377137,-0.070860505,0.21730557,-0.032880798,0.5640671,-0.08949603,-0.28145227,0.30843508,0.52230877,-0.28939086,0.71830535,0.01866731,-0.47267196,0.23202777,0.078321196,-0.21008712,-0.3364133,-0.335659,-0.07088583,-0.22852388,-0.048254587,-1.0177644,-0.5914564,-0.09350648,0.3917128,0.18605083,0.37259376,-0.0969058,-0.05483207,0.54273283,-0.3394193,-0.45033973,0.13544941,0.25754344,-0.30642354,0.2064473,-0.015813682,-0.29879454,-0.5436721,-0.20966598,0.40957358,0.060096256,1.1990249,-0.4604839,-0.7652611,-0.095688775,0.643846,0.05029106,0.8943332,-0.19939922,0.17636433,0.168471,-0.12661317,-0.10200456,0.16168004,0.21078888,-0.4257536,-0.21432185,-0.06604493,0.91589093,-0.12512705,0.5344907,-0.039221503,0.22087109,-0.05198361,0.55014247,-0.23879735,0.47038972,-0.19209367,-0.327469,0.11086798,-0.14091085,0.15505782,0.43913245,-0.037310928,-0.10279967,-0.14739203,0.7110243,0.11776735,-0.052431576,0.0036315648,0.0735653,-0.473668,0.002161555,0.23832197,0.41290665,-0.6514594,0.13777691,0.30693918,-0.7164123,0.20059232,0.2546563,0.49669182,0.5305347,0.0068698265,-0.21344803,-0.41814524,-0.19490938,-0.004832059,0.3149082,-0.02573368,0.003985051,0.029097393,0.1593459,0.41059273,-0.17682557,-0.520285,-0.27731994,0.4928053,-0.16169289,-0.16285822,-0.51612806,0.34591508,0.03574729
-0.25200158,-0.39372638,0.20059526,-0.39900798,0.66939986,0.358819,0.32203978,0.22779363,0.17619066,-0.41479528,0.117463514,0.33551443,0.87076056,-0.20403124,-0.44222793,0.63766605,-0.04214411,-0.23192176,0.24785644,-0.21825752,0.03311905,-0.011278719,-0.2745264,-0.2184476,0.11727564,0.5579085,0.17456737,0.18426192,-0.514756,-0.07170342,-0.085919514,0.48122084,0.33689088,-0.3177008,0.23569144,0.4855517,-0.5429728,-0.06908061,0.07997779,-0.08113499,0.44609052,-0.4407528,-0.59912276,-0.20640358,0.07800138,-0.55816984,0.07140213,-0.051682614,0.9922379,0.40111542,-0.11166533,-0.0071730223,0.079634644,-0.2405853,-0.13858734,0.30870312,0.7725661,-0.31140828,-0.43574348,0.30266598,-0.39302224,0.08800364,0.35646084,0.041114047,-0.38713458,0.949483,0.011493448,-0.57318896,-0.66687226,-0.15922046,-0.37021908,0.3892774,0.17217556,-0.42265514,0.39520407,-0.41165054,0.5422513,0.12848711,0.24238671,-0.18070166,0.24308583,0.08933495,-0.0100276545,-0.92502844,-0.020334423,-0.50131255,0.18072906,-0.26794574,-0.31011802,0.54219514,0.10332446,-0.05693903,0.74527746,0.1944339,0.38769224,-0.091625586,1.1102195,-0.4549732,0.26555124,0.5362001,-0.026848376,0.14093658,-0.36902782,-0.0010269284,0.21259816,0.4481544,0.98545057,-0.051880006,-0.13950339,-0.4405685,-0.62141794,0.57836956,0.6026455,-0.46621442,-0.44480342,0.024623979,0.40637463,-0.15302312,0.84780526,0.8007624,-0.65072095,0.0713907,-0.19490658,-0.039567143,-0.13995835,0.36122376,-0.40708593,-0.87089366
-0.28575885,-0.31975144,-0.0050822087,0.9162076,0.16286358,0.4937255,-0.12779427,-0.2021093,0.3188292,-0.05894059,-0.4289648,0.13727367,0.09993797,0.1316847,-0.24064201,0.034818247,0.31405511,0.3441307,-0.2935481,-0.15849407,0.69994855,0.5356967,0.46339276,0.384901,-0.05164533,-0.4605888,0.11717112,-0.22006187,-0.06999279,0.87194365,-0.24497777,0.5129643,0.3824932,0.32225454,0.21773839,0.62230754,-0.38769627,0.42439407,0.18853213,-0.041355215,-0.21747223,0.17368373,-0.13918234,0.4356307,0.31098,0.8713013,-0.13674945,-0.10998907,0.31712478,0.14015883,0.27997193,-0.17742333,0.2093218,0.3371158,-0.5833502,0.10429563,0.31157365,0.23448867,-0.58827555,-0.18558253,-0.41294783,0.10705578,-0.08784856,0.29996812,-0.4118177,0.08368545,0.034128673,0.4168315,0.69551456,0.42739844,0.83666384,-0.16407931,-0.013471514,0.35232472,-0.3318037,0.0773539,0.19706559,0.06823754,0.6192312,-0.08402039,0.23925899,-0.07105827,-0.2923808,0.45678577,-0.077950105,-0.22418591,0.00091614574,0.35574692,-0.57841974,-0.26457796,0.22969458,0.24374071,-0.3140382,-0.3755749,-0.39471558,0.017523214,-0.68423116,0.15576361,0.337879,0.44379258,0.52367365,-0.6781663,0.11404644,0.14619073,-0.10975474,0.26399463,-0.076814964,0.8174658,-0.15601215,-0.11333497,-0.66527015,-0.5057894,-0.34116638,-0.32106775,-0.2562401,0.7967211,0.28354985,0.017922997,-0.012986546,1.075585,-0.4974332,0.11648616,0.0035781255,0.331374,0.31421855,-0.5856222,-0.28402168,-0.51352346
-0.105840236,0.1821898,0.16181399,-0.779685,0.31303874,-0.0394959,0.37666908,-0.43993703,0.34937087,-0.7939489,-0.50153476,-0.5972378,-0.18452224,0.22851585,-0.36275184,-0.3456936,-0.10214913,0.14742108,-0.123107836,-0.1258389,0.64373386,-0.023519237,0.66225576,0.17683622,0.19897136,0.34265047,0.24284297,0.2594627,0.17033905,-0.5908255,0.073701546,-0.33305684,0.21288234,0.08777365,-0.22464767,-0.7963723,0.63007694,0.08567649,-0.11886236,0.018814087,-0.27725598,-0.2630632,0.08863568,-0.26561368,-0.36595893,0.6467221,0.09139867,0.08798253,0.24314022,-0.3733738,0.12536536,0.2601114,0.32401845,-0.42400372,-0.31487828,-0.7184194,0.20298882,0.3963828,-0.43238524,-0.11315463,-0.21867815,-0.49451852,-0.18388577,0.37044594,-0.0356151,-0.37552246,0.20336577,-0.0021884367,-0.13286735,-0.092050746,0.06351183,-0.03873402,-0.563732,0.06837353,-0.20846938,-0.13937838,-0.5458439,-0.055041336,-0.2067684,0.43345895,0.012312219,-0.24450442,0.093770914,0.31172645,0.24976587,-0.02607252,-0.5003158,0.1866961,-0.020219654,-0.17609894,0.04261957,-0.28109512,0.035872728,-0.2902463,-0.40668276,-0.19524507,-0.661826,0.12125021,0.27030578,-0.12951407,-0.35020477,-0.50662655,0.009269275,-0.096371755,0.21874803,-0.52170694,0.30067122,-0.27519718,0.07033056,-0.11570567,0.47151214,0.38997883,-0.016080994,0.13486749,-0.3511483,0.14712305,0.195515,-0.15388161,0.022097379,-0.5673921,-0.072135955,0.06817171,0.22571796,0.29546994,-0.86790603,0.2245602,-0.20611843,-0.17206836
0.24906774,0.25518045,-0.46190816,-0.88497865,0.38988465,-0.39971778,0.5446524,0.025815725,0.09232853,-0.60362744,-0.2822804,-0.22844931,-0.24118355,0.06993164,0.2288745,0.093061924,-0.011417836,0.49496716,0.28378698,0.27524167,-0.663144,-0.15257728,0.5596724,0.28273156,-0.047538698,-0.023930266,-0.44432926,0.013829082,-0.11961311,-0.2077798,-0.12056954,0.13526025,0.32254136,-0.19551183,0.17497599,-0.7009163,0.55943775,0.014726259,-0.06312906,0.15628704,-0.3788697,-0.027351707,0.22167373,-0.13130665,-0.5089062,0.12992679,-0.3682297,-0.13663398,0.11711536,-0.16064595,-0.37221542,0.008619152,0.39386094,0.28067943,-0.286111,-0.5221032,0.071314335,0.2619314,-0.8410208,0.3024962,0.028571129,-0.30233517,-0.72525907,0.21838553,0.2201442,0.074547045,-0.5147561,-0.37738225,-0.3650298,-0.56593406,0.35657507,-0.010526113,-0.49652758,0.3624714,0.43030405,-0.13925333,-0.29547036,-0.0032481737,-0.56392074,0.162426,-0.06066187,-0.33734158,0.019763619,-0.087936446,-0.55062073,-0.3658102,0.38291597,-0.30910015,-0.12822045,0.124065325,-0.10705322,0.16809572,-0.16567832,0.17381942,-0.038718563,-0.11728981,0.07462664,-0.04785741,0.4793495,0.23013172,0.07775718,-0.7996298,0.16626827,-0.22260767,0.20513786,0.034785926,0.29707137,0.26064622,0.15792608,0.14751017,-0.11179848,0.22218658,-0.062092267,0.39676997,0.19353296,0.2861352,0.57969636,-0.41359076,0.24301435,-0.48952857,0.49004668,0.31391793,0.09807658,0.40768963,0.1988261,0.46599537,-0.18776041,0.23627993
-0.549414,-0.31475264,0.19421542,-0.48551074,-0.016150456,-0.20236978,0.21840446,0.19902565,-0.2551797,-0.20405951,0.24093378,-0.6116842,0.100085825,0.45292777,-0.072680585,0.21708965,-0.19111706,-0.36611012,0.58574325,0.26507676,0.42506295,0.47539365,0.21215916,-0.53796583,0.4747129,-0.10746963,-0.25868037,-0.71695507,0.09459963,0.11438373,-0.6992093,0.051103562,-0.6984707,0.0294966,0.17276224,-1.0975125,0.15938032,0.0121308565,0.07079561,0.19904308,0.023877941,-0.3813271,-0.02795358,0.30929977,0.2499546,0.2297567,0.3022469,0.030742735,-0.08994016,1.3387566,-0.0076297447,0.57028484,-0.105067626,0.50937843,-0.25888205,-0.086732976,0.33464414,-0.20816329,-0.4190641,-0.044141166,0.16124618,-0.23918071,0.6863189,-0.086359814,0.36891842,-0.18372929,-1.1229286,0.4009213,0.014435314,0.4765191,-0.19179927,0.09333513,-0.13355055,-0.22446832,-0.07164608,0.50929666,-0.08204715,0.39204073,0.25776893,0.110528156,-0.035875678,0.22231759,-0.18733266,0.59516776,0.20051038,-0.37487203,-0.25778717,-0.3323669,-0.22790805,-0.3115805,0.04159008,0.43888652,-0.36567587,-0.121303976,-0.5060459,0.3566791,-0.713272,-0.056800216,-0.3676554,0.95335805,-0.15096676,-0.5746299,0.39129055,-0.033683512,0.53947484,0.25552177,0.35782546,0.4816541,-0.11136615,0.055832565,0.27766705,-0.42406762,0.32110602,0.10204675,-0.3392678,-0.044381216,-0.22046492,0.21998551,0.009031534,-0.47782803,-0.33990723,-0.32878742,0.83263654,-0.61634815,0.21826757,-0.072433285,0.053247184,0.22403485
0.5646241,0.05824723,0.39351103,-0.89962816,0.3012094,-0.21177056,-0.27699676,-0.015868869,0.9264059,-0.7319426,-0.057565093,0.007107705,-0.1698023,-0.044493377,0.17905197,0.3962974,-0.50602317,0.62939364,-0.11678989,-0.021608204,-0.23429662,0.10519548,0.5451482,-0.03767204,0.6026835,0.11958212,0.30821693,-0.2211599,-0.16081522,-0.41138318,0.562202,-0.27040097,-0.12954965,-0.32155555,0.15812647,-0.812963,0.08159956,-0.08073541,0.9362487,-0.21508044,0.29999343,-0.42387468,0.011144802,0.04482157,-0.23648693,0.1908483,-0.3202182,-0.08481377,0.08883146,-0.07343023,0.17840259,0.0048578735,-0.19554056,0.17083925,-0.25475183,-0.36648643,-0.28154743,0.1474887,-0.33556616,-0.0784863,-0.017955564,-0.45898315,-0.7622766,0.19639483,0.18255162,-0.1406585,-0.3743331,-0.20150293,-0.19042361,-0.52119505,0.2524262,0.35071558,0.029636525,0.43711662,-0.7585002,-0.8611318,-0.16082641,0.015075952,0.5228593,0.0053955857,-0.4501347,-0.4271875,-0.03828667,0.06617524,0.71220934,-0.009793922,-0.2821403,-0.38008845,-0.4243499,0.15724704,0.76952326,-0.18268532,-0.39568293,-0.16430084,0.2828203,-0.1070119,-0.2658527,0.014899716,0.107233286,0.14325768,-0.3414278,-0.75752974,-0.050476186,-0.25051004,0.069128715,0.0052618086,0.70798534,0.022444084,-0.5602934,-0.14647414,0.01936809,-0.18433537,-0.3828719,-0.11618073,0.22404805,-0.091122955,-0.48600876,-0.20922749,-0.013114601,-0.35682076,-0.4022901,0.31473416,0.029198125,0.11428097,-0.9676768,-0.020351417,-0.34413075,-0.3241409
0.69863224,-0.12813875,0.016447857,-0.078914426,-0.38787705,-0.67786443,0.11260196,0.26967478,0.017691717,0.10561228,0.26774773,-0.0843919,0.62674737,0.32322323,-0.17486057,0.65291166,0.036575556,-0.08532296,0.026991345,-0.12878418,0.5628961,0.08737584,0.05965095,-0.60249424,-0.08560531,-0.5398295,0.15063015,0.31233203,-0.30920616,-0.0393655,0.30694592,-0.10762058,0.72606874,0.33163106,0.56534994,-0.6279031,0.15346237,0.08916492,0.08410655,-0.34937033,0.22172578,-0.06425571,0.4941388,0.3338089,-0.2579984,0.2949104,-0.19551313,-0.23155661,-0.2577371,0.652501,0.08157616,0.11712822,-0.03916587,0.15125622,-0.2835839,0.27046958,0.11801423,0.332702,-0.29259023,0.26910523,0.39790902,0.7826215,0.8888636,-0.7723323,0.8337604,-0.49613395,-0.52849746,-0.13654953,0.17164738,0.57942694,-0.61776984,0.1308992,0.008480789,0.053052783,0.029145136,-0.023141682,0.13293476,0.21835485,-0.3835981,-0.35745052,0.0051644407,-0.18510847,-0.19757675,0.13389412,0.047282293,-0.4863276,0.10190751,-0.26915163,-0.6442709,0.14082073,-0.34549975,-0.5225065,-0.25398058,-0.12857348,0.13036521,0.56760657,-0.47387594,0.19650587,-0.39325404,0.79500604,0.24268499,0.46608558,-0.3252134,0.047288932,0.32361674,0.46025288,-0.32550454,-0.13650805,-0.65170616,-0.069112726,-0.24032266,0.13807693,-0.24552009,0.30363047,-0.74927217,-0.111866266,-0.3543966,0.3288742,-0.20054081,0.038053945,0.38567358,0.33634093,-0.21333927,-1.1173128,-0.09873581,0.17693232,0.70140994,0.08075872
-0.16563849,-0.36474472,0.19285189,-0.352181,0.014442727,0.47427726,-0.30734813,0.1728512,0.055667445,0.11914474,-0.4983681,0.32661712,-0.31349513,-0.14179423,0.5236075,-0.096977875,-0.12315807,0.024036907,0.13262494,0.08658683,0.0023775063,-0.030228306,0.12548319,0.32503402,0.2778491,-0.05996549,-0.28633413,0.47957852,-0.17504795,0.24767314,-0.084921286,0.20957898,0.32983392,0.023645014,0.1323483,-0.035336964,-0.0036756322,0.34591958,-0.31001738,0.13543868,-0.14321052,-0.4335171,0.6285081,0.19141659,-0.08967516,-0.4895853,-0.23860997,0.19228414,0.23882662,-0.30215862,0.025304304,0.4883479,-0.3281192,-0.12326193,-0.1709489,-0.041950986,0.047600638,-0.041030727,-0.4316069,0.04702943,0.044963844,-0.8326073,0.08978696,0.120503075,-0.14312583,0.08541675,0.0836366,0.11798908,0.08993836,-0.26571774,0.1861453,0.32864645,-0.474677,0.0075797457,0.43458793,0.19983909,0.034998108,-0.11249244,-0.015333816,-0.026030838,0.084816255,-0.21882917,0.15327336,-0.1787448,0.3491247,0.5320605,0.3618436,-0.1669155,0.3371828,-0.012206525,-0.11312468,-0.3869636,-0.17043541,-0.17170602,0.40810564,0.28859776,-0.17952703,-0.19379018,0.30457133,-1.1014631,-0.1231671,-0.06996651,-0.5734584,-0.2548467,-0.3027639,0.0013885349,-0.29232505,0.23128888,0.46309945,-0.23513617,0.5336077,0.052829444,0.43675643,-0.40272,-0.14844689,-0.08367811,-0.20594099,-0.07591013,0.2644192,-0.2969406,0.014692962,0.1873389,-0.21121442,0.07542439,-0.3079361,0.18318722,-0.23534575,0.18166631
0.2295259,-0.22106616,0.021877743,0.57926387,0.037417606,-0.14171585,0.23989096,0.1803787,-0.024263365,-0.15460923,0.74271655,0.3652387,0.09411252,0.38175285,0.53882474,-0.18232714,0.44673657,0.2244244,0.2518948,0.16000095,0.45959154,-0.2276141,-0.32668734,0.5288785,0.26586878,-0.21223933,-0.05587138,-0.30788618,-0.66594887,-0.1954335,-0.3321576,0.20056814,0.07417985,-0.24460557,0.13564277,-0.00655815,-0.10043665,0.18716356,-0.18906485,-0.03920813,-0.33030385,-0.19589184,0.12388173,-0.1363612,-0.03867414,-0.12217714,-0.08391231,-0.026196234,-0.1345557,-0.39817894,-0.11778797,0.36141437,-0.17653896,-0.124640375,-0.13056363,0.40532133,0.1920375,0.5555593,0.1780802,0.049531203,0.6408873,0.4247954,0.31718773,0.21384114,-0.2096031,0.18830484,0.40534166,0.20795214,0.47743648,0.10216093,0.5628921,-0.01735042,0.018248245,0.35484588,0.13182169,-0.17024735,0.10979306,-0.12089273,-0.25253707,0.011342328,-0.053784296,-0.29554853,-0.11742405,0.19487649,-0.30144715,0.32421103,0.20462349,0.2307373,0.20891099,-0.34895483,0.072890624,-0.015298143,-0.14595175,-0.08444269,-0.029884258,-0.2137931,-0.674051,0.033459082,-0.3835868,0.56072146,0.24836493,-0.038775623,-0.35484493,-0.2763495,0.059462577,0.23617162,-0.034533765,0.38709846,-0.12136889,0.26887184,0.042464536,-0.15353191,-0.061253347,-0.2938548,0.10136774,-0.13645515,0.009881154,-0.16002765,-0.21874109,0.5071895,-0.056437723,0.04533471,0.0010652691,0.5791371,0.17600879,-0.6886973,0.29084432,0.022419823
0.09768509,-0.6389432,-0.49329466,0.9341825,0.3283649,0.32424143,0.12121889,-0.04360474,0.2105108,-0.07816051,-0.035486512,-0.5056067,0.1361116,-0.16796687,-0.35285747,0.39789894,-0.10297957,-0.15476514,-0.07874798,-0.5970525,-0.11797042,0.50077164,-0.14079504,-0.6667059,-0.42872494,-0.47100934,-0.028561579,-0.07664832,-0.30931097,0.27602684,0.8493751,-0.30352724,0.16779232,0.11789274,0.68682486,0.28504434,0.13013844,-0.5446893,0.15052976,-0.0981369,0.034744896,0.07836573,-0.21867596,-0.48149914,-0.18876421,0.5730489,0.057976842,-0.21372262,-0.20957087,-0.36353797,-0.07243688,0.18138817,-0.08105681,-0.032466743,-0.28713068,0.035562582,0.5258962,-0.08132681,-0.26574376,-0.27916294,0.6021888,-0.4097082,-0.44955367,-0.099315576,0.2348327,-0.2655983,-0.30422664,0.04222183,-0.62867486,0.1363494,0.26852816,-0.29010484,0.54663384,0.26957166,0.25099266,-0.012046635,-0.17481947,-0.43338063,-0.19284156,0.026800776,-0.58181393,-0.27218944,0.070516184,0.2740634,0.09462059,0.15373203,-0.16979621,0.53967196,-0.5058854,0.59722006,-0.1607067,-0.059889555,-0.115023464,0.37235045,0.0048287734,-0.5266372,-0.51840395,-0.29656386,-0.27323285,0.68712103,-0.24234143,-0.18655503,0.44542187,0.32273978,0.30143583,-0.2672432,-0.6439437,0.5577011,-0.6748302,-0.41426197,0.30994272,-0.47823176,-0.27674696,0.4791882,0.06752271,0.5188184,-0.35768527,0.17580605,-0.23215546,-0.09717738,-0.23400585,0.62680143,-0.43830335,0.37202293,-0.058418542,-0.6063282,-0.6047601,-0.25007832
0.45939556,-0.5913,0.1316062,-0.38710317,-0.30765712,-0.00087220967,0.1262936,-0.0040266514,-0.13085449,-0.020387623,0.5954478,-0.019615006,-0.11792433,-0.2284201,0.3738823,0.5777045,0.42162713,-0.19898105,0.27711368,-0.46017948,0.42284247,0.06591352,-0.07398521,-0.39964485,-0.108275555,-0.17845543,0.10219252,0.008849859,0.44943023,0.24545687,0.5700185,-0.18243322,-0.1223786,0.42625675,0.11846535,-1.2443303,-0.03467022,0.16311896,-0.13793226,-0.58406013,-0.3485168,0.35213873,0.0010662973,0.31618524,0.23663367,0.24815449,0.046992756,-0.3775955,-0.27357525,0.18600336,-0.30686963,0.055983424,0.37618154,-0.2693927,-0.032668643,0.13510987,0.11792488,-0.02400773,-0.44375148,-0.72119325,0.27236676,0.45718145,0.48824292,0.033622608,0.18447354,0.3407931,0.35579216,0.30012447,0.3628399,0.70427334,-0.49220932,0.17841005,-0.14193955,-0.10462063,-0.1455581,0.39247867,0.02696389,0.8583712,-0.18283926,-0.26740748,-0.11451371,-0.15633255,-0.5951284,-0.28326303,0.027916197,-0.24546842,0.64725924,0.113674074,-0.5341559,0.26095936,-0.14528967,-0.2833367,0.38221315,-0.20832998,-0.34926122,0.3063321,-0.27613008,-0.67818594,-0.30247197,0.4425024,-0.061610952,0.4209687,-0.10066053,-0.06734161,0.38422182,0.12273486,0.015917368,0.49974722,-0.7066915,0.18734714,-0.0914668,-0.2590557,-0.07874383,0.0011812598,0.085165724,-0.3879656,0.10293423,-0.13189566,-0.34412825,0.20309776,-0.0041973367,0.0213902,-0.00889311,-0.9640285,0.015171841,-0.14472009,-0.14238149,0.004634425
-0.13113722,-0.054942574,0.22272584,-0.47336975,0.6111854,-0.0022999495,0.032547656,0.4819763,-0.0046222024,-0.64431936,0.18791243,-0.16445763,-0.0030489862,0.3248883,0.2814303,-0.47425756,-0.16172358,-0.045588493,0.6105306,-0.41708383,0.12582654,-0.26357365,0.093736336,-0.12422327,0.4681127,-0.37081197,-0.14650172,0.15337645,0.36776352,-0.0097960755,0.24062823,0.36973557,0.26739013,-0.17076854,0.31989798,0.21954751,-0.30778348,0.17128533,0.047175176,0.4313392,-0.17457242,-0.11836551,-0.52905226,-0.46930158,0.05357987,-0.1741768,0.051967364,0.10018847,-0.13986593,0.08028978,-0.31342012,0.2527109,0.44021374,0.16145164,-0.5576614,-0.41816327,-0.099393785,0.1332194,-0.063954964,-0.05865117,-0.16462916,-0.12980105,0.11321557,0.13951342,-0.50012064,0.42772913,-0.056681253,-0.066235386,-0.051732883,0.5213979,-0.011673026,0.07353522,-0.44187886,-0.077066235,0.4338034,-0.22209656,0.2970025,0.07474436,0.38110095,0.037914358,0.10906209,-0.13234521,0.16920915,0.32589325,0.004940696,0.330488,0.25240597,0.11934436,0.24522683,-0.22791648,-0.057773303,-0.5622835,-0.8162053,-0.21037862,-0.022012092,-0.06578587,-0.09194936,0.06076531,0.009226847,-0.099818446,0.25342527,0.14334598,0.5152186,-0.19651227,0.4555001,-0.06159164,0.5172469,-0.03477519,-0.07890704,0.041695196,0.13234636,-0.05674393,0.07769832,-0.045731597,0.05933412,-0.30394,-0.042055972,0.15724453,0.27713802,0.16344117,-0.21554801,-0.2662036,0.42742196,-0.17490917,0.575912,-0.2637241,-0.54462135,-0.22446656
-0.26081213,-0.23446201,0.33328232,-0.73858094,0.7214919,0.28598374,-0.41358897,0.16075265,0.40418506,-0.115730286,0.45752347,-0.56454027,0.18270984,0.08193336,-0.15182614,-0.1744088,-0.07139726,-0.5502252,0.20935984,0.2849074,-0.20987323,0.13909504,0.19108948,0.120861866,0.01290784,-0.20338348,0.37849057,-0.2153102,0.29306322,-0.14230946,0.14221916,-0.1596408,0.07100491,-0.2708907,0.13093854,0.08922252,0.14697531,0.36138502,0.040245786,-0.47068465,-0.15054049,-0.01967328,-0.8157057,-0.1098131,0.0011611916,-0.3267538,0.0034639966,0.95677054,-0.06492934,-0.43909502,0.20581846,-0.3867668,-0.1576693,-0.05681717,-0.07052736,0.2083981,-0.29873005,0.19335046,-0.07347665,0.0051682433,-0.046263132,-0.18516904,0.31323767,0.51719457,-0.25732607,-0.056888282,-0.2992214,-0.015526898,0.084617265,-0.17990763,-0.4144495,-0.3577025,-0.21661697,0.2878088,-0.47811037,0.07006168,0.062271,0.15961504,0.56913483,0.056944888,-0.15838766,0.24592516,-0.100483775,0.0004563853,-0.30583555,0.011863675,-0.042074554,0.066194676,0.16476311,-0.11215648,-0.534263,0.16804615,0.2199124,-0.09695363,0.03632325,-0.16807412,-0.092246294,0.15768275,-0.37945792,-0.20113447,0.29580674,0.7120009,0.21413407,0.24991378,-0.15650132,0.16118875,-0.10907182,-0.22948062,-0.63535315,0.09032862,0.27795935,0.079868965,0.0007402082,-0.20158681,-0.03306974,0.026766568,0.08806171,-0.35795596,-0.30741817,0.50513184,0.050572757,-0.3180913,0.045694605,-0.13674948,0.6396785,-0.10280315,-0.1991711,-0.18169865
-0.24662349,0.1453113,0.22237659,0.48860765,-0.36520502,-0.14413361,0.12955214,0.21675633,0.26313,-0.32774922,0.29405117,0.20701213,-0.31380063,-0.76404107,-0.6499006,0.29809776,-0.04093373,0.5865199,0.5148863,0.68422234,-0.062770255,-0.25145862,-0.08028376,0.20713347,-0.68103576,-0.316956,0.0686548,-0.50909793,0.13672435,0.05175314,-0.5475496,-0.46382117,0.11296688,0.83025247,-0.17129834,-0.46757093,-0.18262775,0.51968235,-0.26988137,0.12575108,-0.5053488,-0.16878533,0.9678974,-0.4981265,0.15330896,0.21692325,-0.07731991,0.32241952,-0.43246493,-0.14815919,-0.111979395,0.28059658,-0.36296925,-0.52581435,-0.15562409,0.051057756,-0.7147825,-0.20299578,0.57360667,0.39081863,0.4147008,-1.0153794,-0.14886087,-0.18646175,1.2352164,-0.4866834,0.20905237,-0.1791734,0.10534556,-0.1375174,-0.39202222,-0.5489918,-0.393369,-0.4412613,-0.15098786,-0.14105664,-0.116656706,0.074506715,0.14181966,-0.89665437,0.051554408,0.047088154,-0.46914455,0.096943535,-0.46916932,0.15809947,0.07828221,-0.6991721,0.364743,0.64092314,-0.08298508,0.3372859,-0.051456027,0.15797412,0.03969553,-0.09165644,0.16490486,0.39668542,-0.09235565,0.23864362,0.0019086748,0.59873307,-0.22826798,-0.07749209,0.5179703,-0.0945447,0.9705269,0.41437775,0.20143746,-0.5982846,0.6759708,-0.0068729757,0.081729695,0.48371175,-0.50432783,0.18702525,-0.32291842,0.1419622,-0.39461046,-0.21327342,0.0028796643,0.2320697,-0.2979283,0.06373444,0.045244288,0.22507344,-0.01811994,-0.1623343
0.3967985,-0.108246915,0.15465857,-0.5766536,0.2374235,-0.11419472,0.05182332,0.08733804,0.103540495,-0.16985999,-0.11403971,-0.33254245,0.18393475,-0.25411028,-0.23397104,0.040693194,-0.27520248,0.07358773,0.59997106,0.33950043,0.51507443,-0.117883965,-0.22760954,-0.23855488,0.046840407,0.08349931,-0.40135017,0.18870625,0.18618625,-0.3186914,-0.35434955,-0.06913929,-0.17491893,-0.23738185,-0.35420313,-0.7205485,0.2706466,0.2725724,-0.012546077,0.36742267,0.013374377,-0.23806533,0.006187305,0.26635364,-0.14056261,0.3041278,0.1094238,-0.002165541,-0.2672338,0.46207955,0.14416535,-0.049751576,0.17063421,0.054804046,0.24778055,-0.3418458,0.19628233,0.40602717,-0.56800723,-0.25673836,0.021427453,-0.39885178,0.06859328,0.2005367,0.26608878,-0.03215093,-0.5036751,0.04150896,0.17451411,0.36027086,0.4724167,0.04892665,0.05980553,0.06376709,-0.30827782,0.44261673,-0.44229537,0.1540972,0.038867623,-0.10824387,0.20776874,0.13131179,-0.8771813,0.058558032,0.54701805,-0.40563637,0.19199593,-0.1410129,-0.54229355,0.047260687,-0.03745781,-0.043872327,-0.35726544,0.2088364,-0.43470684,0.07715545,-0.15731561,0.3694527,-0.02615653,0.3668604,0.17695543,-0.1486137,0.30416915,-0.3792537,-0.678685,-0.27206233,0.39091384,0.13017657,0.1670353,-0.72521365,0.09226115,0.20496681,0.23588818,-0.00075055426,-0.122181386,-0.6541554,-0.16926992,-0.2798497,0.51106274,-0.48875004,-0.4564259,0.24669762,0.3684416,0.28332928,-0.18464497,-0.1283359,-0.36329216,0.10839081
0.318001,-0.07826145,0.14417578,0.17023534,-0.08160958,0.4904079,0.14253595,-0.023218326,-0.3891663,-0.012178056,-0.034010623,0.21919695,-0.12933338,-0.30931562,-0.1978473,0.36378813,0.028411195,0.22502536,0.08548111,0.044059813,-0.5517788,-0.0033082366,0.54122895,0.043308344,-0.1275064,-0.3293139,-0.2897601,0.30640194,-0.40888786,-0.3906102,0.08798246,0.078477696,-0.6634191,-0.52551514,0.12713452,-0.18114816,-0.2803867,-0.048800774,0.15462555,0.5159649,-0.91889226,-0.38026524,-0.025397733,0.6879079,0.13109349,-0.09415901,0.017335504,0.09453194,-0.27904317,-0.10127936,-0.14011306,0.7136662,-0.03142485,0.29715678,0.42267796,0.17946318,-0.062912084,-0.19321951,-0.14132816,-0.62394816,0.04486333,-0.7111855,-0.44893563,0.013158478,0.124105416,0.15649067,-0.5362923,-0.08623067,0.29958633,-0.21786906,0.2682342,-0.03335,-0.41458166,-0.31720203,-0.31915522,0.16504675,-0.12869537,-0.090100005,0.32709387,0.7475209,0.04056644,-0.43495885,-0.50600004,-0.032287296,0.38326544,0.36794925,-0.12367469,0.021706661,0.1881515,0.14658153,0.11837731,0.17648026,0.23881935,0.4128461,0.08272773,-0.5425262,-0.53257596,0.26880816,0.27573717,-1.2636743,-0.23338622,0.25464624,-0.11989774,-0.4811492,-0.44101864,0.053584114,-0.1285805,-0.27019542,0.43314362,0.36855835,-0.08732024,-0.008142423,0.13300595,0.3067674,-0.10879017,0.122466564,-0.0115944445,0.010238614,-0.052442186,-0.26144186,0.318653,-0.080517605,-0.69794816,-0.28838181,0.098924935,-0.4991187,-0.20042983,-0.18697648
0.4134884,0.21734905,-0.052384146,-0.24354297,-0.086595386,-0.6154617,0.37484938,-0.3817964,0.4002565,-0.04433155,-0.10427778,0.3468075,-0.5401317,-0.30590993,-0.50995994,0.513593,0.104376554,0.31800106,0.13663839,0.040227674,-0.8503351,-0.35078552,-0.5292343,-0.20832568,0.18516156,-0.48454535,0.0551753,0.7679841,0.21291077,-0.43863156,-0.35272366,0.061032124,-0.39537513,-0.33221266,-0.09070818,-0.46450832,0.23114951,-0.2340078,-0.25412136,0.38797814,0.19738641,-0.24687763,0.09362479,-0.23097925,-0.22094277,-0.24082114,0.40965748,-0.28469345,0.2360699,0.21104914,-0.37270018,-0.3012114,0.34517306,0.045894623,0.118382186,-0.3255369,-0.13296795,0.32846278,-0.7307646,0.35058177,0.019697845,-0.8009119,0.036530152,0.7751789,0.35059586,0.29738754,-0.3084581,0.35093194,-0.49574202,-0.18735912,-0.1497193,-0.26770088,-0.58801603,-0.7948645,0.25526157,-0.47961733,-0.27904397,0.088416755,0.10266316,0.5511255,-0.19304013,-0.33395168,0.4689872,0.880715,-0.637935,-0.21217361,-0.09227849,0.0089311525,-0.401103,-1.2781624,-0.037557274,0.15478781,-0.11771555,0.21230398,0.22690079,-0.03947996,-0.36806136,-0.31511098,0.4640904,-0.22322524,-0.11538708,0.17083499,0.04578192,-0.8065833,0.44187316,-0.34960246,0.16502218,0.48738033,0.013213798,0.62503874,0.63301516,0.1791685,0.0669314,0.7019169,-0.11487986,0.5916722,0.4430923,0.04680405,0.032905072,0.0010253638,0.3445767,-0.30220997,-0.032908402,0.3826091,-0.07485263,0.20646271,0.20185518,0.22796902
0.21490742,-0.14207613,-0.32690746,-0.6887289,0.26772803,-0.13844937,0.19193274,-0.20530543,0.47176555,-0.4477283,-0.5823835,0.17492911,-0.021438539,0.11635888,-0.3497586,-0.48949245,-0.16658312,0.1549789,0.42948532,-0.06103557,-0.37876344,-0.14765884,0.52895784,-0.20419538,0.3652929,-0.25768346,0.7100206,0.34680533,-0.0060298042,-0.549906,-0.59421295,-0.021818995,-0.12292951,-0.48877,-0.14038546,-0.39631742,0.5541644,0.40238526,-0.09028081,0.33263433,-0.085080475,-0.32494557,0.37865677,0.35128134,-0.3765319,-0.15218031,-0.56533504,0.15571356,0.056586042,-0.6269355,-0.1922796,-0.19548166,-0.0202754,0.5838844,-0.24690206,-0.33405906,-0.12468606,0.036594667,-0.13222575,0.44933933,-0.12669341,-0.6074236,-0.4905584,0.40313655,-0.22800794,-0.013590554,-0.1714553,0.12809362,0.09084849,-0.03709475,-0.01244396,-0.27197772,0.086922705,-0.23154888,-0.04340954,-0.0071332455,-0.6113631,-0.3691124,0.22660847,0.00774391,-0.43747398,-0.39946634,-0.07919106,-0.22524416,0.20947672,-0.10419388,0.30900294,0.05974278,-0.0905761,0.3016524,0.2035669,0.23687443,-0.25598526,0.28467163,-0.088164285,-0.0012000836,-0.2434957,-0.015773948,-0.20072821,-0.33057088,-0.10468111,-0.20827556,0.29098207,-0.20061949,0.4178061,0.39536476,0.42401794,0.27800828,-0.36516166,-0.47840464,-0.2170208,-0.03839995,0.17841257,-0.38366067,0.33977246,0.042073924,-0.22937903,-0.25740162,0.17367727,-0.4659813,-0.14007631,-0.1475271,0.42632464,0.02821216,0.22935295,-0.018954396,0.16798373,0.17253456
0.31818765,0.22937018,-0.034555294,-0.008395739,-0.4004566,0.24405986,0.9071462,0.08190277,-0.40177757,0.26626426,0.25295073,-0.10427162,-0.118128315,0.5283829,-0.77438927,-0.4135788,0.0927583,0.2809196,0.22723147,-0.017502908,0.26098916,0.22113577,-0.2464084,-0.27069548,0.6543371,0.21636331,-0.25085932,-0.35993207,0.6531702,0.18831311,0.8830135,0.11549118,0.3115372,0.021288201,-0.40952772,-0.35270926,0.037035003,0.55215234,-0.041851178,-0.3036571,0.2290588,-0.28207234,-0.2683918,0.35368317,-0.33301705,-0.15298633,-0.4617098,-0.16789022,0.40343523,0.068190366,0.48760086,-0.036311254,0.3047011,-0.20625606,-0.47822434,0.26394135,0.4266417,-0.048541505,-0.1463102,0.14125285,-0.34145093,0.9117654,0.23309404,0.2202003,-0.00092449784,0.119262934,-0.2554119,0.44845408,-0.5913537,-0.14567192,0.16097742,0.028758302,0.009433627,0.096708015,-0.23973048,-0.16604781,0.09600985,0.044699818,0.07343234,0.39227554,-0.22702213,-0.07224079,0.12622741,-0.66585207,0.21865603,-0.22406715,-0.0055429786,0.23975994,-0.531875,0.2833264,0.397733,0.437402,0.56547916,-0.123846054,-0.42200238,-0.12142505,-0.00078190817,0.014313707,0.09669399,-0.4484015,0.122417115,-0.59932005,0.3289738,-0.0581986,0.15585326,-0.11349313,0.34258574,-0.37526077,0.6029558,-0.5027745,0.5166864,-0.31480813,0.11525808,-0.008958295,0.47715154,0.31615165,-0.29285958,0.28669146,0.029394358,-0.54744375,0.29586083,0.40394375,0.49094167,0.11863178,0.36716223,0.35291103,0.42822748,-0.08569705
0.6261234,-0.65071493,0.18755208,0.26658124,0.062223017,0.47602594,-0.49808437,0.08358721,-0.5091278,-0.14461729,0.18502752,0.85662705,-0.093383715,-0.15588976,-0.17870225,-0.23197038,0.026393864,0.38870227,-0.2673821,-0.24846828,-0.5559558,0.2752419,-0.60944164,0.26481378,0.28219455,-0.6133748,-0.1646298,-0.058219913,0.12947136,0.088592045,0.41711372,-0.44967428,-0.32503396,0.026464906,0.37525567,-0.28198865,-0.3634852,0.54687446,-0.69017416,1.0663493,-0.15600735,-0.45168397,0.037790827,-0.106038205,-0.48763728,-0.45444065,-0.4310218,-0.5400287,0.3930758,-0.62476724,0.25246495,0.10785199,0.35581553,0.46043247,-0.16987552,0.38671076,0.45030355,0.24880901,-0.39389056,-0.2389403,-0.20302212,-0.28186673,-0.47441792,0.056241676,-0.49344158,0.3724283,0.63010156,0.11033506,-0.3909701,0.3270029,-0.07670896,0.5103449,-0.83479,-0.07131904,-0.11683161,-0.63506407,-0.07391448,-0.30632567,0.019245498,0.02359215,1.0065953,-0.8730694,-0.02065757,-0.23944697,-0.12159665,-0.12804992,0.7463347,0.062396847,0.29418975,-0.25300136,-0.8633271,0.37246382,0.6304363,0.42389512,-0.099293076,-0.45640415,-0.3220876,0.05405186,-0.15072045,-0.8912259,-0.500216,-0.07138918,0.061869055,-0.45731008,-0.12745951,0.15404792,0.22025098,-0.5271446,-0.14332491,0.3501325,0.34024048,-0.9062009,-0.37817383,0.4403542,-0.38682318,-0.5346059,-0.3020934,0.10876117,-0.24932797,-0.71994567,0.15591066,-0.2677584,-0.065839134,-0.02031111,0.16498679,0.3674761,-0.035384417,-0.34275374
-0.44558308,0.48213384,-0.2607245,-0.23797797,0.560413,-0.0867421,-0.50502,0.04084902,0.30447853,0.6188691,0.12282635,0.06404567,0.026783843,-0.12249802,0.012765385,0.14055231,-0.47840524,0.18738058,-0.017449148,-0.06819235,-0.098342076,-0.46738493,0.69178665,0.11471286,-0.26755646,-0.41854385,-0.058217935,-0.031192496,-0.26925585,0.31299168,-0.19139393,0.31084433,-0.3472639,-0.21133485,0.868428,0.104791224,0.078613125,-0.3882776,0.97536683,0.61923844,-0.008446146,0.16618887,0.21769764,-0.25831696,-0.27931422,-0.5576965,-0.30232137,-0.5986797,-0.4876415,-0.1470197,0.7603829,0.42529052,0.21217512,0.4942577,0.84885377,0.29003268,-0.118686676,-0.17993408,-0.45925444,0.122895285,0.012629364,-0.27109727,0.43082735,0.117320105,0.5639979,0.18456882,-0.11577424,-0.013984637,0.58700514,0.28987905,-0.18965079,0.24458632,0.27772802,-0.03588949,0.29977918,0.12158042,0.12795587,-0.23999286,-0.23168695,-0.4259375,0.056080617,0.25062212,-0.06812645,-0.5400479,-0.5272326,0.07344341,0.59276855,0.3336699,0.8112358,0.06433687,0.32418466,0.20210016,-0.17990035,-0.040979587,-0.26635823,-0.19332197,-0.74425673,0.70353943,0.7328755,-0.5324211,0.17010519,0.21636905,-0.015709609,-0.30378792,-0.10574621,-0.17494191,-0.19656543,0.66153884,-0.036826562,0.76640564,-0.681595,-0.15815575,-0.15261914,-0.016011227,-0.5804333,-0.030196398,0.33451176,-0.103821866,0.037936,0.40503994,0.08039017,0.10360637,-0.020550124,0.112075865,0.35786074,-0.6147011,-0.03331947,0.42396337
0.19734505,-0.20324646,-0.45167887,-0.29786327,0.6862971,-0.039701767,0.3356766,0.5135767,0.49701262,0.35338503,-0.13799587,0.38787973,-0.9035644,0.24587202,0.34808066,0.5864436,-0.16695112,0.2846134,0.40719825,-0.225031,-0.053182818,0.2162608,0.43469992,-0.40498003,0.23980284,-0.24037954,0.24161384,0.49864325,-1.0797279,-0.27357656,0.051969245,-0.7382227,-0.049189426,-0.186744,0.21012425,0.6747385,-0.74162054,-0.32656133,-0.41607386,0.29094756,-0.058634914,-0.00075821206,0.17062879,-0.52564216,-0.8347698,-0.31883484,-0.014333762,0.31032178,-0.3173913,-0.2949174,0.35294735,0.08148984,0.07703413,-0.23347117,0.18417309,0.42574486,0.25761843,-0.45433092,-0.16000888,-0.18770091,-0.0269973,-0.47314835,-0.004220575,0.15972406,-0.49150604,-0.46610168,-0.6403228,-0.4495345,-0.5707941,0.5323995,0.20209423,-0.4481325,1.0722104,0.15465677,0.020712145,0.08122672,-0.66958797,0.12648183,0.23720238,-0.1662464,0.056535777,-0.06589419,0.07028168,0.11508106,-0.15798858,0.28387675,0.24405304,0.30487573,0.36668634,-0.559444,0.29190663,-0.16288158,-0.039581887,0.16996536,0.535923,0.10338123,0.44469944,0.42269826,0.56317246,0.1541721,-0.18636513,0.06519467,0.45903665,0.33917493,0.2666541,0.37121862,0.10620936,-0.12584354,-0.56388193,-0.0015498386,0.5831559,-0.09873594,-0.2423184,0.123294756,0.7367935,-0.22400667,-0.38017952,-0.24370533,-0.25167483,-0.5898534,-0.24328351,-0.38252944,-0.3354213,-0.61691856,0.40200353,0.9419178,-0.4928051,-0.13691644
-0.012646481,-0.111144066,-0.07000539,-0.17884944,0.5402088,0.78185403,0.3582242,0.19837457,-0.014406228,-0.81474394,-0.2516477,0.6513972,-0.33877462,-0.17268306,-0.30051294,0.2872052,-0.36355203,-0.23780464,0.09181355,0.03442309,0.0062158145,0.014118043,0.20589578,-0.22059783,-0.37449658,-0.6560007,0.0702982,-0.5617055,-0.1543885,-0.42693776,0.62174076,0.36993575,-0.33002055,-0.1093751,-0.4011535,0.26136982,0.10289848,-0.42333713,0.43568498,0.8098818,0.13425344,0.66921383,0.4629465,0.58038956,0.15319735,0.46779335,0.19998138,0.18230528,-0.51691294,0.09493585,-0.63650924,0.59947264,0.05421081,0.057574265,-0.5092512,0.03565495,-0.32375497,-0.04943295,-0.5507952,0.12040908,-0.38041615,-0.07132831,0.17546606,-0.18906277,-0.40353972,0.048036385,0.7179602,0.87832874,-0.5698289,-0.8358316,-0.23169167,0.14223216,0.70928186,-0.23605897,-0.41487068,-0.28004348,0.16784146,-0.18979585,0.17215706,-0.52794266,-0.40547395,-0.4007609,0.7787163,-0.3592352,0.5325016,0.6825606,-0.2632256,-0.060403526,-0.30924293,0.39215654,-0.8248032,-0.0019858368,0.19361177,0.20431341,-0.82050234,0.07133194,0.052669395,0.6737316,-0.48273742,0.002890259,0.12789866,-0.3119105,-0.5207472,0.604304,0.8358435,0.3980246,-0.285292,0.10341371,-0.21709089,0.24301827,-0.4449099,0.11670286,0.2489698,-0.7280677,-0.22900802,-0.4856388,0.3690762,-0.048731018,-0.23812236,-0.428906,0.52336323,0.4046191,0.007942358,-0.1250611,0.2977188,-0.32926083,-0.14569505,0.5696825
-0.13647708,0.21414772,-0.15731943,-0.06566982,-0.20745024,-0.4064466,0.31568742,0.023299806,-0.12902533,-0.22977352,0.5451844,0.09801821,0.2512663,0.15247485,0.46281308,0.11375507,-0.24122798,-0.26488608,0.12122979,0.034971595,0.03432733,0.3004295,0.36473155,0.26118788,-0.43183094,0.0043231174,-0.32089186,-0.3248247,-0.031222902,0.3728862,0.46783617,-0.13379723,-0.2542499,0.49959505,0.13935114,-0.95442575,-0.17523442,0.5393137,0.25471544,-0.44547546,-0.23182224,0.19982827,-0.8944049,0.051169366,-0.1043977,-0.19461367,0.46425438,-0.7373734,-0.2666311,0.3785538,0.18880653,0.49612594,-0.028408721,-0.19603965,0.114136435,-0.1204542,-0.17014033,-0.10154828,0.38736245,0.051034912,0.0450909,0.77242863,0.16992816,-0.40196812,-0.08048576,-0.026904471,0.26430947,-0.11997855,-0.4121358,-0.003995508,-0.19337012,-0.014821855,0.07077369,0.2740201,0.17721845,0.17181195,-0.553384,0.24281538,0.3243625,0.29726362,0.2809487,-0.17625207,-0.37455535,-0.06399284,-0.04546789,0.18546712,0.51006484,-0.29638702,-0.18743801,0.21694711,-0.5468156,0.0075336397,0.07307664,0.019545928,0.18319647,-0.2845943,-0.42213255,0.066764414,-0.17161143,0.3735805,0.1537188,0.13625582,0.004672747,-0.38519365,0.25479868,0.5179628,-0.06341186,0.40344906,-0.6140639,-0.23872618,-0.09760198,-0.47792897,0.0770041,-0.20112605,-0.15972404,-0.22969578,0.07539101,-0.23834746,-0.15944606,0.05304411,-0.18730496,0.15410665,-0.14808737,-1.0788678,-0.14262831,-0.16235735,-0.33368513,0.06716804
-0.05556622,0.28251743,0.18685904,-0.06044951,0.68349206,-0.35918498,1.0346818,-0.29738587,-0.4094884,-0.035726376,0.75026524,0.17843366,0.12566426,-0.43235055,-0.07666808,-0.30992058,0.3585063,-0.27124873,0.04804759,0.1682496,0.74250937,-0.07146272,-0.24534231,-0.15774122,-0.019748773,0.52452,-0.31365997,0.10852696,-0.37146384,0.112481005,0.39062122,-0.3047333,-0.057491414,0.08786715,0.47690284,-0.2036416,-0.3331098,0.050348803,0.4836602,-0.161872,-0.8798945,0.18213174,-0.007881828,-0.0011603162,-0.19685675,-0.49875134,-0.27652252,-0.06670056,0.2555268,-1.0227754,-0.10756166,-0.51008064,-0.28074747,0.019306494,0.078893,0.31907922,0.0689979,0.2522258,0.63899654,-0.22418387,0.009255014,0.32608938,0.111611776,-0.91975075,0.2390072,-0.26130003,0.3594594,-0.40449476,-0.6119571,0.26423693,0.18650657,-0.12674129,0.44085896,0.06577726,0.67783976,0.057115354,-0.078576505,0.12656052,0.23218952,-0.14424062,0.19234672,0.2200501,0.31036353,-0.41994268,0.3027428,-0.13918866,-0.3545497,0.068223946,0.2981882,-0.08016447,0.27038988,0.10230117,-0.37184882,0.23135248,-0.15947255,0.30365393,-0.26036668,-0.17837454,-0.24788097,-0.80371916,0.17563567,-0.248119,0.41316694,0.5531225,-0.28066662,-0.13210666,0.38238758,0.6924114,-0.062872484,0.3157882,-0.14027363,0.05100084,0.08420993,-0.33175674,-0.23126885,-0.003266655,-0.25132158,-0.0979335,0.74968916,0.5836604,0.063639596,-0.12674332,-0.51975816,-0.3851659,0.21459852,-0.064204566,-0.4610863,-0.013191422
0.02860048,0.0763167,-0.090994485,-0.4081477,0.0004697442,0.92554075,0.9616945,0.30905208,0.12395969,0.88456786,-0.63018,0.2704336,-1.0380857,-0.18398632,0.84367245,0.31976023,0.41271836,-0.14991736,-0.13350163,-0.18648282,0.39824057,-0.1771628,-0.019664016,-0.50786567,0.35998002,-0.59941316,-0.060441136,-0.45858505,-0.14473069,0.33953506,0.56081384,-0.34250313,0.6157091,-0.31717014,-0.33920622,-0.3238233,-0.27164152,0.24773128,-0.5508747,-0.67886454,0.38332504,-0.3619358,-0.17889997,0.06990835,0.3983133,0.53422505,0.49256456,-0.45259804,0.31696957,0.23566653,0.060218997,-0.97551453,-0.1855344,-0.4794035,-0.009622977,-0.08223677,0.045581024,-0.15087365,-0.5399729,0.45650408,-0.024582282,0.7956622,0.37191957,-0.003981255,-0.2693231,0.50088835,-0.25781578,0.051916152,-0.45090002,0.2053642,0.88626313,-0.04573294,0.3868937,-0.028738879,0.21891713,-0.22924459,-0.40746507,-0.22333464,-0.001096942,-0.15527663,0.41751954,0.3595219,-0.20839696,0.1037935,-0.026216194,-0.090824895,-0.21082158,-0.2697535,-0.354811,-0.20441684,0.24836695,-0.1610318,0.37019843,0.2564475,-0.21693309,-0.5371665,-0.24937472,-0.12669861,-0.434835,0.14611605,0.13274491,0.44341516,0.12704654,-0.05404323,-0.45376095,-0.18474653,-0.35273504,0.22346169,0.5824349,-0.31410176,0.15213123,-0.9355728,0.25141293,0.53289086,-0.45730984,-0.18290034,-0.043717533,-0.15499073,-0.50836694,0.94806457,0.15014619,0.45054048,-0.025398273,-0.35182405,0.56927776,-0.10570486,-0.35819793,0.0727911
0.18298633,0.6388793,0.49126077,-0.49528217,1.111095,-0.051909313,0.014514459,-0.024455994,-0.019031998,-0.2384908,0.06857887,0.49444833,-0.42442182,0.2853999,0.14905609,-0.015154341,0.09811598,-1.1465381,-0.16872516,0.3030463,0.7339671,0.3418533,0.23282567,-0.2619241,-0.42035586,0.4769562,0.14512835,-0.39764032,0.7464668,-0.10800375,0.034854293,-0.41320467,-0.23864059,-0.07591275,0.82513136,-0.102674454,0.046065032,-0.7426729,-0.028168403,-0.28728324,-0.20244864,0.45152414,0.21138117,-0.25759912,-0.14022884,0.5022423,-0.030511297,-0.06510852,-0.10761618,-0.5805701,-0.032539003,-0.35418525,-0.08836793,0.10496366,0.3471062,-0.20556054,-0.22686504,-0.08733033,0.35750958,0.04332764,-0.4616249,0.33248633,-0.3330566,0.1767999,0.18110089,0.63447297,0.10965157,-0.166902,0.51272255,-0.23758617,-0.112757534,0.07650155,-0.28740913,0.65533096,-0.35444483,-0.2762671,0.8655638,-0.20789626,-0.05814799,-0.57625437,-0.5537781,0.10080098,-0.04779985,-0.5665592,-0.11038734,-0.0010303017,-0.15506034,0.7275945,-0.20280461,0.117351495,0.29532316,0.29923856,0.52962095,0.29575324,0.074062794,-0.18968156,0.42850068,0.946111,0.86623895,-0.0486854,-0.045299724,0.47734725,0.0085524395,0.090845525,-0.101113044,-0.14610139,-0.34061092,-0.27343804,-0.07679172,-0.007148877,0.5202956,-0.06261664,-0.15899238,-0.09219109,0.08934604,0.22353393,-0.5259341,0.12011593,0.007165633,-0.11647114,0.04798492,0.025882423,-0.28584465,-0.3988505,0.19451816,0.17970349,-0.5740398,-0.31592274
0.30447185,0.07591939,0.1595784,-0.29769352,0.62476146,0.47644228,-0.023882926,0.20077966,-0.19967787,-0.057879955,0.22311802,0.51634866,0.53890336,-0.34548745,-0.024230212,-0.31574944,0.33449486,-0.055542916,-0.14275023,-0.03272973,-0.3313916,-0.06781958,-0.50942194,-0.09812439,-0.09763023,-0.7002684,0.1571298,-0.4534682,-0.18277067,0.11215636,0.65565425,0.34180015,-0.27403143,0.51278627,-0.31069392,-0.4273278,-0.4841649,0.10024036,-0.22721288,0.4627503,-0.080705576,0.73786837,0.115959704,0.1488955,-0.61328065,0.35779786,-0.30843803,0.10267162,0.18239658,-0.065837786,-0.041430287,-0.17731182,-0.47134697,-0.16449153,-0.1283158,0.19554713,-0.13032365,0.10274014,0.36734444,-0.21905343,0.20389208,0.238228,0.34594253,-0.12556028,-0.053904817,0.46214014,-0.40135312,0.25405693,-0.4125424,-0.12934528,-0.28606164,-0.0037668273,-0.102690615,0.09293008,0.54755604,0.22453558,0.22134818,-0.3842566,-0.17794012,0.040381163,-0.15405336,0.25913543,-0.08841055,0.3162021,0.22219446,-0.005543055,-0.6528488,-0.37991312,0.45346105,-0.049562063,-0.29626805,-0.1951063,0.22026704,0.26349252,0.03438343,-0.4766223,-0.41469726,-0.30909586,-0.56982815,-0.26532382,0.50369996,0.53210014,0.24540788,-0.020700444,-0.18785033,0.14684233,0.110393964,0.12202472,0.020561218,-0.031748205,0.23621134,-0.18082833,-0.23555255,-0.54367065,0.1180538,0.056040734,-0.08997548,0.065946996,0.024300914,0.134256,0.34079963,-0.5067974,0.17207687,-0.10785329,-0.4422073,-0.06556014,-0.28515092,0.11837722
-0.16850881,0.3500166,-0.38536942,-0.16271877,0.6299133,0.3498729,-0.17772576,-0.48263872,-0.17820913,-0.44440806,0.38646013,0.062215887,0.081751235,0.1301375,-0.04530002,0.40432397,-0.08177782,0.29943407,0.52968496,-0.041487858,-0.19855312,0.012890868,0.10801466,0.22509053,-0.021866009,0.46092382,0.21961617,-0.6604931,-0.08094783,-0.186327,0.070780285,0.049618784,0.51210994,-0.02496086,-0.10459286,-0.17720023,-0.37629294,-0.543633,0.44249395,-0.035617948,-0.23404828,0.36304247,-0.44019023,-0.123102374,0.2491872,0.35659304,0.49942878,-0.5173644,-0.1620781,-0.43164372,0.07732587,0.14313005,-0.8355363,-0.26706713,0.31608498,0.3509384,-0.42971733,0.20681666,0.1652852,-0.24939474,-0.48701715,0.38247663,-0.16130951,0.10106787,-0.3289874,0.2853027,-0.10159467,-0.3023601,0.4321102,-0.05251373,-0.3879592,0.19583717,0.100646734,-0.36654156,0.0202216,-0.17940354,0.07479012,-0.053911865,-0.91603243,-0.470215,0.283728,0.048423104,-0.3403352,0.20019636,0.38759756,-0.5173943,-0.29165477,0.31312603,-0.006749466,-0.352669,-0.18128462,-0.51817435,0.044602703,-0.33323154,-0.4530465,0.7831667,-0.30199668,0.36365086,-0.026927218,0.2296741,0.020271247,0.050927233,-0.110484436,-0.11249909,0.4331352,-0.46534717,-0.17082566,0.14753297,-0.1760054,0.35472494,0.1157797,-0.44479674,-0.8403111,0.29889858,0.11250319,0.06536098,0.11489214,-0.14160107,0.43397388,0.101448275,-1.0674176,-0.67978144,0.35350427,-0.32826266,-0.0445368,-0.23082876,-0.64128375,0.24466668
0.18429838,-0.04820326,-0.14865503,0.06533351,-0.5277203,0.5924467,-0.13678566,0.21491748,0.023047443,0.09177522,0.019599155,-0.28819454,-0.42185575,-0.69197893,-0.099025264,-0.14979088,0.07794313,0.2798107,-0.3121927,-0.02636189,0.09850981,0.26551187,0.23483622,-0.22807808,-0.06497264,-0.32399887,-0.017044209,0.20459037,-0.25380182,0.37380418,0.21678549,-0.35898948,0.25995433,0.26608723,-0.17639439,-0.7187752,0.95569724,-0.10195963,-0.62945896,-0.16298091,-0.55465406,0.09240494,-0.31471246,0.38555598,0.014425363,-0.27615568,0.24961045,-0.21832193,-0.574756,-0.08104923,0.4730407,0.1462462,-0.3867607,0.31339034,0.3980279,-0.35214937,-0.28300363,0.024142245,0.008528322,0.25653315,-0.36675775,0.7331598,0.0714809,0.28072697,0.3131349,-0.33690697,-0.15952784,0.1761304,-0.35207778,0.34692,0.059601933,-0.27132654,0.045743138,0.357545,-0.33005744,-0.26924455,0.19233134,0.2404095,0.18236567,0.1682491,-0.19043937,0.45310998,-0.10685911,-0.31485823,-0.073385574,-0.038971603,-0.19395489,-1.0060444,0.12633212,-0.48266584,-0.2237874,-0.22023994,0.27564305,0.43652582,0.08686731,0.015114158,-0.084625006,-0.5318096,-0.17015405,0.90874565,0.063507855,-0.5525331,-0.37926573,-0.24732511,-0.2154384,0.11956303,-0.20375872,0.41541517,0.19094762,0.29814547,-0.5674533,0.1160824,-0.29476598,-0.11080707,-0.6933249,-0.010798089,-0.33535856,-0.1432785,-0.30568784,-0.195923,0.35810578,-0.0033275634,-0.6821881,-1.2075038,-0.18617721,0.35043457,0.15909302,-0.12744139
1.324888,0.66626936,-0.27335334,0.27142882,0.32739887,0.44975203,0.99897486,-0.5013561,-1.6146414,0.7229759,0.95699364,0.2455964,-0.36826956,-0.30047193,-0.5197632,-0.5254989,0.12630099,0.50464135,-0.6947777,-1.1894612,0.47045642,0.5168663,-0.06080789,-0.028487813,0.136744,-0.36256582,0.09829702,0.20954785,-0.2339265,0.015087247,-0.3286084,0.7753845,-0.2060148,-0.19897076,-0.25664032,-0.22708479,-1.1355952,0.3134159,-0.044062465,0.3836677,-0.29026523,0.060435425,-0.60923076,0.117327616,-0.057075404,0.11664607,0.27948016,-0.58521384,0.61625457,-0.0017316276,-0.6448672,0.12605363,-0.24635695,-0.22437367,-1.2193488,0.077931054,0.09688067,-0.059120104,-0.21083337,-0.14667067,-0.288938,0.41281462,-0.44764715,0.2003088,-0.007154964,-0.49916708,-0.41667968,0.47453898,-0.9745662,-0.44923237,0.03874039,0.13813487,0.72806627,0.14840567,0.25695157,0.10422273,-0.0063812956,0.09176588,0.4217412,0.2855052,-0.14442497,-0.17599773,-0.5873424,0.9941983,0.2271836,-0.57149684,0.39345154,-0.19322029,0.04505173,-0.29755268,-0.78168863,-0.62468964,0.021944135,1.082139,-0.2316428,0.55268365,-0.14144892,-0.63495356,0.21828257,0.0075544305,0.41079378,0.71721095,-0.34580773,0.2972924,-0.5038092,-0.08415291,-0.0995464,-0.09489957,0.30086878,0.6035419,0.5271055,-0.08165712,0.29278526,0.220502,0.18023476,0.03360343,-0.16105539,-0.5734447,-0.10564893,0.49346563,0.2101258,-0.43387833,0.34323117,-0.6720307,-0.2101607,0.11797164,0.2766674,0.76803046
-0.044862937,0.44802994,-0.47644293,0.18663411,-0.5708827,-0.19070387,-0.43740228,-0.02212669,-0.37350267,0.16253431,0.07613673,0.48129007,0.17508328,0.25759313,0.34838915,-0.08039756,-0.80069053,0.3792371,0.2887507,-0.27385473,0.17916381,0.2593353,-0.40352374,-0.05707203,-0.55671954,0.08016629,0.1693415,-0.012594946,-0.2456607,-0.3297075,0.64962196,0.6739211,0.22461006,0.19030276,0.13279273,-0.35238144,-0.7380673,0.055124972,-0.40667433,0.02906172,-0.9371135,-0.34048635,-0.27478018,-0.29036805,-0.28991562,0.20126182,0.13851643,0.36498034,-0.07087321,-0.75062615,-0.41640174,-0.19235098,0.27838302,-0.39718333,0.27312666,-0.08231574,-0.4898097,-0.0060716365,0.3261572,-0.094588615,0.76203257,0.08390501,-0.12631819,0.0764184,-0.09001646,-0.6336751,-0.06186609,0.28665245,0.20140648,-0.0075726584,-0.0025376175,-0.31973082,0.03437146,-0.2346556,0.15170409,-0.4225157,-0.45358917,-0.31467336,-0.14993182,-0.24080768,0.18131825,-0.41318375,-0.7945164,-0.21588922,0.37506598,0.022110194,-0.05547125,-0.05017905,-0.605515,-0.5777649,-0.0443542,0.44369057,-0.29613647,-0.23773818,-0.4585193,-0.07113117,-0.21941292,-0.6460352,-0.6341649,0.6324649,-0.17632839,-0.00031993538,0.22415268,-0.031979635,-0.3885366,-0.2957307,-0.3696655,-0.09756701,0.009294348,-0.22008224,0.21450138,0.28920138,-0.74394745,-0.3821085,0.55515575,-0.26805446,0.38710076,-0.61160254,0.15619224,0.543697,-0.13825704,-0.20122972,-0.05543659,0.80504054,1.1268083,-0.059485182,0.147165,0.18652393
0.16214123,0.43512565,0.2703561,0.6584748,0.032727785,0.29731733,-0.22672376,0.10329652,-0.4360174,-0.065683246,-0.9244772,0.35543126,-0.080339044,0.19924083,0.06697488,-0.4429936,0.28430575,0.3341679,-0.19186984,-0.14418964,-0.39388633,-0.30567163,0.016405918,0.19678214,-0.45917127,0.13865766,0.52949864,-0.29242897,0.08172865,0.2369868,0.7529104,0.6166123,-0.09193671,-0.2338699,-0.23769096,-0.42819774,0.02485083,0.3472841,-0.35949528,0.23321174,-0.24224772,-0.39494976,-0.02291309,-0.29590145,0.16994068,0.18631583,-0.7703755,-0.3114681,0.12621044,-0.88024336,0.18018006,0.25972044,-0.25618806,-0.2612577,-0.1634102,0.26400465,0.080925986,0.11765734,0.3087385,0.6382735,0.28521648,-0.2242828,-0.24425405,0.083957955,0.00493988,-0.035382032,0.24132526,-0.663888,-0.24969731,-0.105606586,0.010087993,0.054433353,-0.23520087,0.2989723,-0.44616577,-0.21026902,0.39133638,-0.69959104,-0.4981953,0.12998326,-0.13247222,0.11117158,-0.29608163,-0.21384399,-0.16612826,-0.28017074,0.08016531,-0.40942973,0.2621858,-0.18251719,0.2837995,-0.6016056,-0.3564617,-0.24128814,0.028038677,0.021184811,-0.06417849,-0.16875589,-0.0018444546,1.1337354,-0.25643277,0.23891002,-0.034780413,-0.04406041,-0.0726679,-0.302763,-0.77855283,0.09838003,-0.2552173,-0.030124288,-0.0316824,-0.109574035,0.0056842864,-0.4322906,-0.06495127,-0.19424817,0.23444255,-0.017742231,0.040050976,-0.21436194,0.2018622,0.36719072,0.15221779,0.43267143,0.41854674,-0.4086101,0.21501446,-0.036392305
-0.11544147,0.45563203,0.19624552,0.6368537,0.52801543,0.32153165,-0.021349937,0.0062471777,-0.14251284,-0.383634,0.2324162,0.30319327,0.18765427,0.3054421,-0.079797946,-0.21891764,0.017536817,-0.08475919,0.28855297,0.43429282,-0.14240175,-0.10821817,-0.057989128,-0.09085751,0.13800132,0.024518982,-0.5398635,0.22637266,0.40344876,0.16944619,-0.24212085,0.5405781,0.11180986,-0.06877246,-0.3175829,0.17567922,0.33787224,0.11403535,0.1721977,0.36572695,-0.19844574,0.18739863,0.13599741,0.31191945,0.08020454,0.16846342,-0.10895131,-0.22615263,-0.06540697,0.09706823,0.01675184,-0.1480662,0.18417999,0.28149375,-0.027219843,0.22243588,0.21618131,0.46280193,0.042138327,0.106039144,0.011784993,-0.054412566,0.21297202,0.45171744,-0.2605842,0.27764475,0.06023381,-0.0003353916,0.050524067,-0.082690835,0.36020738,-0.10671209,-0.15790814,-0.29987478,-0.25304222,-0.24526255,-0.14346291,0.17641081,0.36776447,-0.040598493,-0.009545337,0.05316665,0.047403395,0.30875638,0.09577143,0.22632402,0.28002223,0.069586575,0.36827672,0.19186343,-0.046475686,0.050669663,0.25398618,-0.12705714,0.053358234,0.08904073,-0.5082531,-0.047374725,-0.17364798,0.30953816,0.3499061,-0.36471033,0.14987168,0.20410873,0.36748922,0.02003844,0.118658,0.40509063,-0.031518925,0.609017,0.29442033,-0.05471395,0.0499904,-0.13946395,-0.033474572,-0.16860375,0.26760527,-0.055340067,0.6005083,0.47539183,0.032994132,-0.31234673,-0.094667695,0.34130108,0.28807077,-0.3182945,0.2803917,0.18169038
0.06353919,0.2305834,0.030262742,0.028759107,-0.32173082,-0.0018514842,0.37347096,-0.93549585,-0.4218529,0.12603308,-0.14954227,0.25942048,0.26884186,0.013599537,0.19596776,-0.8288569,0.032670945,-0.17123273,0.5264282,-0.7454448,-0.20199639,-0.08555497,0.29405648,0.029963277,0.37550926,-0.27891546,-0.18659732,-0.45468575,-0.4487799,-0.17934842,0.4971589,-0.023899764,0.4164872,-0.42625484,-0.27310252,-0.40015608,-0.2970048,-0.15746474,0.44608766,0.37684667,-0.025047943,-0.19063537,-0.44478023,-0.11368613,-0.10542883,0.19041306,-0.20539261,0.0382695,-0.3133894,-0.35009238,0.14254437,-0.23083067,0.06544339,0.29200134,-0.3380303,0.23601651,-0.050482534,0.24852942,0.2552387,-0.36519742,0.33736318,0.23876274,0.5729195,0.12503809,-0.3822075,-0.103894725,-0.66126144,0.060646392,-0.18887359,-0.15324864,0.31201065,-0.034857996,0.011049064,0.16499627,-0.45570424,-0.11743949,-0.27813226,-0.048380643,-0.27063343,-0.11214343,0.07973847,0.08711544,0.033392355,0.08450189,-0.7595254,0.3222672,0.19779056,-0.24255204,-0.021932654,-0.16596091,-0.51599616,-0.08775367,-0.3908239,-0.33959854,0.37356767,0.21977764,0.014728621,-0.36619148,-0.5053306,0.8464962,-0.28327253,0.10052038,-0.24705172,-0.22729604,0.0672794,0.3591826,-0.6790608,-0.2225444,-0.33555192,-0.030022278,-0.11021718,-0.20774278,-0.26318428,-0.26041192,-0.10936263,0.0068465173,-0.4738706,0.053444177,-0.01250322,0.23570566,0.17704178,0.17760181,0.17084089,0.624797,0.27528733,-0.39035884,-0.48585272,-0.02430242
-0.5009641,0.7302409,-0.014294765,-0.25013697,0.073396966,-0.041710645,0.11241835,-0.15415731,-0.09559403,0.0014022007,-0.023343515,-0.33804393,0.2574782,0.00035856664,-0.18150315,-0.52277094,-0.8146099,0.08055191,0.0014304966,0.16136853,-0.2314528,-0.025619414,-0.16579202,-0.11991943,-0.24660735,0.34752136,-0.44149157,-0.02738303,0.015736304,0.08485731,0.32246804,-0.4284374,-0.5418401,0.02091879,0.36320153,0.2962606,-0.1426819,-0.21412036,0.40882632,-0.017438583,0.30550358,0.06849697,-0.1772406,-0.674166,0.066528186,-0.29718164,-0.09182942,0.43040428,0.76500463,0.06036184,0.05130274,-0.29983097,0.14695069,-0.01694028,0.38779622,0.057275392,-0.16345307,0.71251035,-0.07577258,0.4261252,0.55423373,1.1441154,0.053651948,-0.21618086,0.15422788,-0.5589693,0.24616666,-0.07630037,-0.4176981,0.50707,0.3135739,-0.0018582866,-0.020780735,-0.1142058,-0.33849612,0.1700812,-0.23691359,-0.35893065,0.21284415,0.36065528,0.05019155,0.04810217,0.4725558,-0.19781889,0.69464695,-0.96899223,-0.35635233,0.013335437,-0.19184895,-0.21555081,-0.009660167,-0.072271466,0.5560051,-0.23300472,-0.22148418,0.40709886,-0.51112914,-0.32081425,0.14692566,-0.9109058,0.3745334,-0.33486712,0.6726234,0.9905025,0.31597352,0.1593279,0.39733768,-0.056047216,0.122307196,-0.16924898,-0.052907683,-0.08762077,-0.47906983,-0.26203218,-0.052410737,0.3602054,0.5587655,-0.05566496,0.25416902,-0.311793,0.24913576,0.5120015,0.5115924,0.22599962,0.10768977,-0.62646013,-0.39264682,0.08943173
0.096207604,-0.1399937,-0.32915813,-0.45131844,0.3595567,-0.2699787,-0.17474356,-0.07095002,0.1472219,-0.43870878,-0.55585545,-0.21882516,-0.26624346,-0.06743626,0.25511384,-0.37227327,0.11196965,0.24690974,0.2661054,-0.067437164,0.028820232,-0.085369214,0.35638058,-0.12240846,0.5609762,0.26413244,-0.25255442,-0.06827092,0.04414162,-0.22740865,0.10704296,0.13509795,0.33985043,0.0873498,-0.19578019,-0.42871943,0.072609246,0.003049114,-0.11588656,-0.5495032,-0.20320588,-0.5210752,-0.13183004,-0.012221977,-0.0151072,-0.042907298,-0.36000884,0.06524563,0.35381985,-0.031464934,0.08884372,0.5083774,0.20893171,0.2524662,-0.060210705,0.107683696,0.43427718,-0.24009255,-0.43669093,-0.08616259,0.0062864423,-0.8167629,-0.23042578,0.13946557,0.23009413,-0.04944788,-0.39681664,0.11297414,0.20365147,-0.34848222,-0.15828636,0.12702197,0.039686725,0.48885,0.04606036,0.17357409,0.005318776,-0.11831849,-0.09423312,0.5005214,-0.011826158,-0.07854709,0.045410566,-0.4096309,0.33408874,0.17003375,-0.4424104,0.09019253,0.28066704,-0.02929426,0.04232148,-0.49408266,0.0072452463,0.030629922,-0.20270875,-0.14246908,0.017255709,0.19604261,0.3118099,-0.3797478,-0.2174545,-0.0296911,-0.2701501,-0.56926405,-0.16086888,0.35002184,-0.3786949,-0.5594382,0.42712432,-0.26149523,0.23225376,-0.12141925,0.043767184,-0.014803037,0.0588809,-0.11987361,-0.021382466,-0.20627426,0.48507363,-0.30974734,0.15297958,-0.058945745,-0.23213258,-0.04423441,-0.46358383,0.2553634,-0.27190727,0.12245733
0.5284573,0.35468006,-0.05550101,-0.24275964,0.0374896,0.7040761,-0.19333413,0.096981294,-0.02850705,0.19945997,-0.06058903,0.21344239,-0.43251675,0.07686658,0.14709665,0.19836813,0.4222718,-0.26643398,-0.26471815,-0.03513722,-0.048639197,-0.24659733,0.15950075,0.17101935,-0.4978136,-0.1734178,0.094473906,-7.867068e-05,-0.1180295,-0.06994066,-0.1465542,0.34820592,-0.14517166,-0.2514525,-0.119764596,-0.33574423,0.45541131,0.31882036,-0.31583303,-0.095648035,-0.22408296,-0.49922404,0.29997998,-0.15057959,0.48365653,-0.14679523,-0.4442652,-0.24020547,0.07843827,-0.12206175,-0.03736511,0.40607795,-0.08842063,0.17205504,0.27673858,-0.04164548,0.017807737,0.14851913,-0.61180556,-0.5293417,0.6625238,-0.86246777,-0.23128211,0.021158263,0.19111297,-0.5329657,0.1015131,-0.10019597,0.21350092,-0.13637316,-0.008956566,-0.17608765,-0.703506,-0.13597877,0.19674668,-0.27979824,-0.5078871,-0.17475909,0.11508557,0.18483277,-0.37086746,-0.9136189,0.07126924,-0.32750282,0.3685322,0.2536714,-0.4252941,-0.16992214,0.10125668,0.1819899,0.30971438,0.21139634,-0.34085846,0.23866442,-0.27145818,0.22690868,-0.41794306,0.07596178,0.57701313,-0.72053975,0.03091216,-0.15854701,-0.090306886,-0.71420425,-0.27933303,-0.01209566,0.119121924,0.3272514,0.08011086,0.05911181,-0.11733179,-0.05788663,0.1811896,-0.010511733,0.2941002,0.53385067,-0.07626558,0.34924096,0.45749342,0.045797274,0.70408034,0.36074978,0.63998777,0.104377985,-0.11328149,0.30475,-0.15457425,0.044640932
0.39753062,0.011725109,-0.28518927,0.30405718,-0.053162694,0.63938004,-0.2931387,-0.11651539,-0.17032667,-0.17067507,-0.49050957,0.16641554,-0.61196613,0.077127784,-0.10309188,0.07605305,0.453939,0.09328219,-0.14951554,-0.15139079,-0.3157342,-0.11677492,-0.09558672,-0.52815115,0.06740466,0.16272455,0.27470088,-0.23462303,0.22378875,0.17681387,-0.0019686501,0.3508521,0.06571593,0.20084074,0.21566446,-0.110676564,0.009890074,-0.28489333,-0.5738118,0.015558619,-0.31515092,-0.23976283,-0.17105371,0.24489143,-0.1980373,-0.15739462,-0.40516752,-0.13036361,-0.3501823,0.2098583,-0.088815525,0.332649,0.03917037,-0.39552775,0.09128469,-0.07327059,0.052817304,-0.05595927,-0.3266655,-0.13066529,0.645558,-0.6961518,-0.11518736,-0.30856737,-0.13822179,0.17297775,-0.062278803,-0.39826208,0.11283774,0.12790205,0.30507016,0.2576967,-0.43197876,0.05545206,-0.2772795,-0.353515,0.26632395,0.031215511,-0.2485289,-0.29549375,0.34409946,-0.5220242,-0.19053796,-0.07905401,-0.09937788,0.021695353,0.28999916,-0.36397675,-0.0005914271,0.10251709,0.3331266,-0.37252763,-0.33391488,-0.3839526,-0.30104312,-0.079169944,-0.01807791,-0.3565902,0.5759087,-1.2794958,-0.32617608,0.25873488,-0.2634925,0.12949178,-0.30985653,0.26788837,0.02246125,0.040047575,-0.42769185,0.3954602,-0.313056,-0.099123895,0.002749728,-0.31343976,-0.17324762,0.28303286,-0.34048015,-0.5646511,0.9126025,0.021161884,-0.24221842,0.6656011,-0.03183799,0.2197911,-0.16759206,-0.014692318,0.10357841,0.050864123
0.16476555,-0.11657386,0.078261696,-0.63299865,0.16816401,0.025085285,0.21674106,-0.08046596,0.52436876,-0.48926225,-0.13817495,-0.82649946,0.48870108,0.3384667,0.10347366,-0.19847322,-0.19619286,0.6585589,0.7242745,0.058986656,0.09815721,0.011629023,0.08081572,-0.21267875,0.74657136,0.70658267,-0.2882729,0.32364923,-0.08328192,-0.17736675,-0.22546701,0.08349475,0.51561254,-0.17857872,-0.028976694,-0.6325107,-0.22542515,-0.06559578,-0.29909512,0.05897732,-0.09948452,-0.13834566,-0.11804922,0.2037706,-0.17964877,0.2902455,0.2539317,0.1921471,-0.1948033,-0.07818112,-0.33772537,0.34401816,0.17566305,-0.047055647,-0.18363045,0.29193982,0.37374347,0.45796672,0.1605156,0.2850957,-0.020108178,-0.64368355,-0.16421795,0.80043024,0.12938896,-0.16009775,-0.186358,0.04632335,-0.09542236,-0.16615595,-0.10420006,0.35820374,-0.04723408,-0.08555126,0.018124662,-0.6170218,0.10150392,0.5232306,-0.111030966,-0.14460745,-0.24415976,-0.39671195,0.5515667,0.12001956,0.028280713,-0.19875476,-0.52351964,0.10017316,0.1165344,0.19957025,-0.25127319,0.039988566,-0.023788271,-0.2501337,0.30366248,0.43560216,-0.596064,0.109393,0.32395416,0.46053815,-0.39489648,-0.12092462,0.43350407,-0.23472634,-0.59839445,0.10904773,0.6897992,0.04638495,0.16564009,0.06812768,0.3277522,0.3689371,-0.011359321,0.49292606,0.08667934,-0.19962038,0.2543139,0.048440605,0.2788284,-0.14584666,0.031389356,-0.13532922,0.37596768,0.70301396,-0.92574304,0.00026703253,-0.060351178,-0.46594858
-0.55790526,0.45028186,0.733142,-0.23911427,0.3812094,-0.06803516,0.22568806,-0.38203835,0.41438833,-0.35348645,-0.37352484,-0.061768692,-0.25994307,0.16015303,0.21100326,0.010451287,0.08010183,0.1236919,0.40611473,-0.123131864,-0.009788897,0.493793,-0.05021071,-0.11621558,-0.26960227,-0.20964603,0.30148122,-0.7883412,-0.00781415,0.37505838,-0.16326103,0.2645905,0.760246,-0.2744233,0.4930659,0.13334244,-0.27930796,-0.04792969,-0.3917079,0.64884216,0.07782148,0.23315185,-0.22810715,0.40755385,-0.30352223,-0.24827617,0.16278084,-0.031048823,-0.15448153,-0.27045864,-0.08886631,0.37253162,-0.5007426,0.6586185,0.4096396,-0.19562483,-0.07307814,0.031430855,0.23155366,0.14956978,-0.6360866,-0.005765967,-0.39222232,-0.22881445,-0.5869041,0.38121536,0.11839652,0.5881539,-0.15144351,0.43153974,0.14511752,0.46571776,-0.23448116,0.25139868,0.27587765,-0.19402021,-0.45507795,-0.01789575,-0.3063559,0.048054114,0.28503892,0.24669866,0.08200875,-0.160404,-0.11727576,-0.12802362,0.25571507,-0.24351028,0.4081638,-0.31871268,0.14447151,0.20484212,-0.15517913,-0.13644254,-0.28185454,-0.40019962,0.4910392,0.21293482,0.11584162,-0.41580847,-0.032782182,0.29201433,-0.44120708,-0.13306932,0.05609284,0.11351796,0.66247106,-0.14230396,-0.10981231,0.0541624,-0.1625618,-0.78772295,0.15418285,0.5125376,0.045036457,-0.20022333,0.0023806412,0.015600175,-0.33292148,0.38908714,0.0049700635,0.27350286,0.30351686,-0.5823153,0.2688747,-0.104833476,-0.23641881,0.103162594
-0.003572587,0.37979758,-0.2716993,0.17829102,0.39238742,-0.12448863,-0.5183549,0.22296163,0.3226596,-0.45842844,-0.15548019,-0.20741382,0.52007407,-0.2344296,0.048360914,0.25870994,-0.27513656,0.49765882,-0.010790281,0.14288515,0.31254327,0.45010364,0.0040214583,-0.31679142,-0.5027584,-0.19010535,-0.115811534,0.11387228,-0.04950438,-0.18274158,0.5006665,0.036738366,-0.7495543,0.028501816,0.330158,0.8137531,0.016560175,0.49116367,-0.12349593,-0.43008828,0.12033017,0.46536797,-0.69264275,-0.47251344,0.5104218,0.19611362,0.3847195,-0.36856496,0.017571416,0.13803533,-0.43735126,-0.0073206797,0.120646186,0.049916536,0.5409367,-0.0062077884,-0.20033057,0.8012049,-0.2811232,-0.049771585,-0.3208763,0.04244031,0.066582575,0.1758213,0.58630633,0.5145398,0.3563818,0.16402696,0.28591454,-0.04368831,0.16267362,0.4821953,-0.014004394,0.1315364,0.012037002,0.063869044,-0.04066068,-0.5402175,-0.39480892,0.08503644,0.4388878,0.23073691,0.03146731,0.28265917,0.23129663,0.07495065,-0.05850903,0.29596654,0.41599405,0.05232819,0.51370794,-0.23193578,0.13809192,-0.42884907,0.17947623,0.36831316,0.46476442,-0.19791913,-0.03414006,-0.1958538,0.44942105,0.46365514,-0.16361904,0.26793593,-0.88246304,0.10750082,-0.46982953,-0.17825103,-0.04946302,0.12838563,-0.38927123,-0.15532815,-0.03505285,-0.20201024,0.6911272,0.071316615,-0.44349128,-0.21188194,0.5466703,0.054036815,-0.4018827,0.0017021298,-0.4865326,0.36501077,0.17421804,-0.5149663,-0.51822346,0.3096955
0.16873217,-0.08012755,-0.00870635,0.36407205,0.08777797,-0.14082494,0.33515865,0.018272273,-0.08319776,-0.29162523,0.017308278,-0.080712646,-0.23262459,-0.060854543,0.33685076,-0.04294294,0.005073474,0.32281741,0.26888013,0.022287622,-0.07673384,-0.26191077,0.050045162,-0.026212893,0.20258299,-0.5393259,-0.2912706,-0.3779826,-0.21315318,0.7563087,0.02322688,0.13216425,-0.022082794,0.06852862,0.21975325,-0.21282205,-0.20867544,-0.25172326,0.09838877,0.16652237,-0.11455309,0.21194908,0.28068435,-0.2137976,-0.1021768,-0.6580151,0.16218054,-0.23259762,0.066735476,0.42117614,-0.019950982,0.21039556,0.5165595,-0.11835013,-0.2510597,-0.008730695,-0.4418196,-0.31077722,0.41250604,0.4250785,0.21234007,-0.79916227,-0.2870348,-0.6105169,-0.27973127,0.29715246,-0.09036799,0.2872898,0.5041845,-0.2713832,-0.076061025,0.23368283,-0.24714798,-0.05277312,0.31449026,-0.14367501,0.01135622,-0.117701545,-0.37174693,0.22080362,0.3006902,-0.7152641,-0.44504112,0.19237693,0.24572572,-0.038305953,0.28395218,-0.17339393,0.3900029,0.38157946,0.068148576,0.14238003,-0.42831677,0.1411531,0.15555914,-0.19094998,-0.15921213,0.3112485,-0.021846425,-1.5748494,-0.07075973,-0.12894505,0.14504789,0.016148806,0.1036593,0.09429217,-0.19534765,0.18406138,0.40343508,0.09320337,-0.019214943,-0.0889349,0.09083254,-0.0578248,0.041467026,-0.036727786,0.14322715,0.0011670636,0.022756696,0.32222557,0.09689863,0.34893617,0.20201044,0.13570993,-0.35948288,0.21305138,0.13089858,0.54903656
0.3827027,0.040526077,-0.28065637,-0.46250015,-0.03415706,0.5337746,0.31417143,0.386869,0.3850279,0.41018412,-0.15875916,0.16739923,-0.21239682,-0.040807717,0.5130073,-0.11342369,-0.015488666,0.24254997,0.3712838,-0.074471116,-0.25268334,0.2856166,0.4594203,-0.064575136,0.21169494,0.18966104,0.6572912,-0.54046947,0.13442042,-0.05620575,-0.5850444,-0.20108494,-0.00383409,-0.12064928,-0.22211243,0.01040028,-0.033793718,-0.09538072,-0.20433177,0.32365292,-0.47879466,-0.6744096,0.405159,-0.01718419,-0.28644112,-0.09240579,-0.2141943,0.26554084,-0.44368118,-0.05253967,0.1684522,0.63180006,0.2539359,-0.36394262,0.50056595,0.25725716,-0.43368453,0.588395,-0.4392491,0.23147136,0.24944031,-0.45462245,-0.33771458,0.478647,-0.13343227,0.2694184,0.35773504,-0.120668374,-0.30186227,-0.1334859,-0.33950162,-0.31701142,-0.6104828,0.40105736,0.39717263,-0.5234558,0.06177848,-0.18451431,-0.6955874,1.092889,-0.3996823,-0.35554758,-0.019669466,0.10243593,-0.0024171304,0.11411569,0.36121878,-0.30770028,-0.04170771,-0.08172119,0.3578025,0.12907907,-0.64236456,0.16040732,-0.51327765,0.5229455,-0.9295285,-0.6862423,-0.18884392,-0.88151896,-0.32600477,-0.6531787,-0.10083546,-0.7127284,0.049764737,-0.25366485,-0.25877205,0.2397483,-0.110486,0.36042327,-0.21184503,0.4292915,-0.30345824,-0.2016671,0.36445707,0.18301198,0.23135108,-0.07032349,-0.66732144,-0.26279467,-0.072898775,0.45875704,-0.20287842,0.08839145,0.0042438805,0.030339293,-0.14953111,0.016303094
-0.18063986,0.110730045,0.10395806,-0.87766975,0.39222425,-0.43441314,0.14420535,0.006146416,0.6609117,-0.16427389,-0.07878057,-0.5856307,-0.09252015,0.21623527,-0.11297798,0.10195102,-0.22459322,-0.03504324,0.18454386,-0.12945434,0.100396894,0.25503498,0.07688771,-0.053658992,0.009463131,0.002213627,0.22758746,0.45348644,-0.32859543,-0.23099238,-0.23993573,0.26471043,0.045175787,-0.025439437,-0.24750075,-1.2915479,0.29132938,-0.4100565,0.38429877,0.058819816,0.0632084,-0.029468928,-0.18805741,-0.15133464,0.1408143,-0.07397939,0.658093,-0.24894536,-0.23812896,0.44654518,0.23587726,-0.14345053,0.48530784,0.458668,0.032001562,-0.159368,0.06465256,0.30990276,-0.27568275,0.14991426,-0.20021392,0.04199682,-0.017260998,0.0008574389,0.43878382,-0.0734166,-0.2276274,0.1396246,0.3892853,0.1225768,0.18747994,-0.43917972,0.31679487,0.40063512,0.26222596,-0.121685326,-0.60279256,1.1654882,0.25984305,0.10549083,-0.26963127,-0.36863655,-0.3364794,-0.11891389,0.18162936,-0.049717247,0.06481993,-0.067345634,-0.44091436,-0.06621196,0.25833154,0.15465343,0.15966788,-0.45836022,-0.2805442,0.31490308,-0.474993,0.05311753,0.20979056,0.5245898,-0.1836332,-0.023453414,0.38254693,-0.21125707,-0.10017604,0.19355372,0.4076742,0.34146821,-0.018919988,-0.11381705,-0.13697055,-0.11590402,0.16594413,0.0499977,-0.22661802,-0.057780437,-0.0020192713,-0.7993103,-0.23435347,-0.7289553,-0.4359517,0.13349497,-0.056703344,-0.31832075,-0.2978643,-0.2485728,-0.32691747,0.38476348
-0.40554702,0.33978632,0.39326757,-0.55293137,0.27173746,0.7992574,0.44652915,-0.2864644,-0.3806043,0.1630316,0.004788503,-0.097087085,0.048910964,-0.20853665,0.009918429,-0.38516402,0.38280767,-0.5176658,-0.029239848,0.20548823,0.22357303,0.41727906,0.43450505,-0.2119185,-0.0710668,-0.2731854,-0.14113648,0.07484563,-0.32700595,0.39771134,0.14731473,0.09925322,0.23040143,-0.4306787,0.38934755,0.5474296,-0.3036123,0.50254905,0.05131168,-0.5756413,0.20880744,0.24179274,0.38373947,0.20290576,0.049107283,-0.48458436,0.39809382,0.13219103,0.31209096,0.11337452,0.07126698,-0.36623615,0.0014868085,-0.16573112,-0.2612964,-0.7701667,0.19106694,0.36069328,-0.07387066,-0.18306117,-0.39299884,-0.6730814,-0.15891421,0.23869938,0.16852924,0.57549894,-0.67503923,0.2653589,-0.12662527,0.5391748,0.3075508,-0.03179664,-0.040203057,0.051847316,-0.28389186,-0.02114065,0.24632764,-0.51387537,0.51594067,0.39570174,-0.08746387,-0.43415174,-0.2560837,-0.4591395,0.7231444,-0.5155964,0.08397839,0.67046595,-0.58083874,0.06572874,0.055041634,-0.21959192,0.51001585,-0.2591138,-0.071019456,0.36789042,0.28523916,1.011579,-0.39080822,0.102189854,-0.52098316,0.17617697,0.106718436,-0.19463935,0.005264625,-0.10467071,-0.48549396,0.1227982,-0.09235395,0.143348,0.025919788,-0.840213,0.25822103,-0.07362725,-0.053787492,0.51234496,0.19317864,0.28894728,-0.5125391,0.27489993,-0.1109964,-0.14698276,-0.35638216,-0.07726784,0.28762656,-0.016533852,0.01442834,-0.020777714
-0.04362533,0.33151263,-0.34240496,-0.042501032,-0.064227045,0.0068008006,0.08065289,0.12673181,-0.074317515,0.06370182,0.593889,0.20552438,0.14773159,0.19533758,0.26744214,-0.38852924,0.0715913,0.22413523,0.24057719,0.02607609,0.05242045,-0.017356243,0.18436204,-0.36643535,-0.086718224,0.18776436,0.21973576,-0.39451984,-0.12356905,0.39961186,0.14907774,-0.35384715,0.1984599,-0.33107796,0.1623818,0.25078773,-0.23528557,0.018750507,0.12682882,0.12810057,-0.034888327,0.4905969,0.11543107,-0.11656025,0.13175213,-0.34652388,0.036826707,0.39657003,0.26707923,0.11336255,0.09180794,0.07500416,-0.31203765,-0.16140567,-0.2289638,0.2652829,0.19851243,-0.016265549,-0.012561679,0.22238132,-0.21176004,-1.0898658,0.13723655,-0.17697984,0.0663529,0.17005554,0.17478754,0.21758334,-0.1616794,-0.1422891,0.04515166,-0.5094938,0.14797606,0.018945824,-0.11241407,0.4449225,0.08733225,0.089542255,0.07007785,0.067257,0.16974829,0.15223111,-0.22662348,0.15537103,0.17603314,-0.13914564,0.04937352,-0.014631386,-0.1946469,-0.18618882,0.2648412,-0.13382463,-0.16779439,-0.14518127,-0.42851263,-0.10741939,-0.1823431,-0.030972272,-0.214684,0.19004276,0.12630218,0.17689121,0.16790614,0.38978294,0.020892918,-0.07931972,0.31605744,0.00051628053,0.009154484,0.47884667,-0.1094877,0.14685516,0.17044313,0.44867104,0.034942195,-0.12112226,-0.28415436,-0.002295373,-0.29582912,0.5158179,0.082603104,0.31319332,-0.23547299,-0.026712388,0.24965337,0.3166319,0.08186536,-0.054526996
0.45217192,-0.2548324,0.016227499,0.3904104,0.14983743,-0.6374312,-0.5591988,-0.05362657,-0.025619624,-0.53837305,0.23616168,0.478367,-0.30827752,-0.43574524,0.40133774,0.53188926,-0.062205777,0.36056885,-0.24318264,0.16712077,0.08150273,-0.22561458,0.43735686,0.32822505,0.27869213,0.40043545,0.3721076,-0.12981106,-0.16576521,0.18105765,-0.04168731,-0.025013283,-0.27888873,-0.123029605,0.07114839,0.6624693,-0.45782536,0.5197845,0.039402664,0.15914954,0.06936679,0.3719254,0.13268146,-0.02091135,-0.06745067,-0.036447585,-0.113752425,-0.0033554062,0.07228406,0.5117612,-0.53232634,-0.013315842,-0.7020513,0.41237554,0.50669503,0.26766443,0.31136248,-0.4513781,-0.15658036,0.060949862,-0.05731646,-0.81537807,0.02889204,0.0074623004,0.40581876,0.20340483,0.16000742,0.36486396,0.20693773,-0.78164893,0.2466457,-0.08047326,0.07477235,0.024170205,0.15228903,-0.71827966,-0.12884095,0.05156816,0.36224186,0.88188076,0.097122245,0.5484758,-0.11114716,0.21103226,-0.17816044,-0.2029757,-0.25645116,-0.3055011,-0.83840966,-0.8752873,0.13808058,0.81545556,-0.13194007,-0.5891313,0.21890111,0.06380205,0.1066767,-0.039343648,-0.033694256,-0.28403723,0.43602377,0.08424168,0.14113705,0.253086,0.4755936,0.08419031,0.024143454,-0.38603014,-0.03463193,-0.035992652,-0.6850616,-0.24764606,0.84825736,0.40501666,0.01530052,0.06671548,0.16495726,-0.05777479,-0.52798086,0.38682008,-0.2111968,0.3127061,-0.43963012,0.0657489,-0.5980233,-0.36315298,-0.23620972,0.18580425
0.41078693,-0.35398737,-0.0036901683,0.22287941,-0.32985818,-0.14340378,0.12713218,0.14957944,0.2762636,0.7056415,0.39855757,0.06731093,0.07325799,-0.5046956,0.47765395,-0.17170425,0.3079344,0.19518173,-0.27014023,-0.4847132,0.19377562,0.120721355,0.37316525,-0.45010325,0.02783215,0.1998689,-0.46846735,-0.014115818,-0.23629087,-0.10993307,0.094163954,0.15048395,-0.014645826,0.4038633,0.2902123,-0.14931639,0.0045826137,-0.07845068,0.32899007,-0.13908754,-0.37696564,0.49502698,-0.21565677,-0.35183424,0.70857775,0.20103659,0.08252087,-0.048472475,0.2228029,-0.13194522,-0.044426505,-0.22134794,0.21959996,0.07573162,-0.1384878,0.2686884,-0.41437018,0.04945126,0.09088294,0.2955207,-0.24314478,-1.5645801,-0.033288136,-0.4160933,0.4911176,0.06480113,-0.08040777,0.5159117,-0.2056535,0.24621603,-0.5376229,-0.07313144,0.046890493,-0.2713806,0.40653768,0.21760182,0.05280177,0.074773364,0.43870607,-0.035949506,-0.026331754,-0.408113,-0.3084631,0.47015503,-0.39032692,-0.4127389,-0.6653785,-0.5239334,-0.21987733,0.5251079,-0.19994366,-0.08796537,0.30945185,0.5595617,-0.02453232,0.33918348,0.0038662218,0.47923225,-0.22500266,-0.42984477,-0.2424773,0.41500267,-0.48050293,0.1996747,-0.001333639,-0.15185958,-0.8306483,0.35615522,-0.26439267,-0.9064129,-0.35818815,0.27547315,-0.1742377,-0.259069,0.8937488,0.13122055,-0.0655351,0.29295328,-0.35788587,0.25369644,-0.450112,0.5469405,-0.64126045,-0.027926026,0.3634585,0.21152881,-0.085822895,0.34415844
0.0077199563,-0.072607726,-0.17132139,-0.040696274,0.041101962,-0.25735292,0.01001868,0.2355541,-0.2192063,0.18883225,0.05038452,0.15458119,-0.6142861,0.21145192,0.18762006,-0.025765426,0.34137693,-0.07026026,-0.33756477,0.19829549,0.39277235,0.36993372,-0.029750295,0.18986669,0.52859217,0.06331361,-0.04337259,-0.3980068,0.05535251,-0.048929676,0.46321848,-0.5247741,-0.10572132,-0.12324086,-0.18131919,0.092415586,-0.8110044,-0.1369405,-0.38512972,-0.397627,-0.266264,-0.18775341,-0.07626091,-0.1547761,0.10370453,0.21714142,-0.29181725,-0.08024086,-0.45355335,-0.0042959824,0.057292264,0.032264486,0.47891593,-0.3364676,-0.29015788,-0.1241257,-0.1615107,-0.2073548,0.043318152,-0.0021398198,-0.14832675,-1.2428707,0.19115998,-0.10087917,-0.15480846,-0.014301129,0.5194793,0.39120716,-0.034249835,-0.11635974,-0.31575626,-0.09362238,0.09476195,0.13623855,0.019819343,0.051311627,-0.56545126,0.18560317,-0.31234473,0.34062806,-0.5455035,0.046841517,-0.55973774,0.50651526,-0.35989505,-0.091412015,0.25482792,-0.09028462,0.4755052,-0.4863935,-0.21789376,0.26424122,-0.3069473,-0.06970948,-0.27518463,0.11972889,-0.25715882,-0.35105422,-0.53373814,-0.7358019,-0.20144731,0.24836478,-0.15885893,0.37253544,0.23700902,0.4319626,0.14537549,0.12428895,-0.40292194,0.032198723,-0.07020457,-0.38117272,0.477449,0.16192883,0.12860167,-0.012659572,0.24066904,-0.060501315,-0.16261542,-0.36811328,-0.044503927,0.24747767,0.04922767,0.4855995,-0.03448792,0.15472403,0.11725983,0.034448627
-0.16077629,0.053136256,0.26701203,-0.13951993,0.05001077,-0.2201204,0.3747488,0.343327,-0.1893171,0.28559113,0.31286287,0.16855684,0.26383436,-0.1889601,-0.12263254,-0.08451367,0.058554694,0.46386653,-0.2980133,-0.12732573,0.16416207,-0.018308254,-0.14455244,0.021768985,-0.35265404,0.3011113,-0.24220677,-0.018403009,0.23537043,0.24645397,0.44094768,0.5117978,0.28499958,-0.24884886,-0.25888595,-0.27080292,-0.55814314,-0.27918583,0.3733394,0.09215084,-0.10800392,0.43929502,0.09451917,-0.36036712,0.36668876,0.19785869,-0.23004337,-0.28916943,0.14560923,-0.107639074,0.28151625,0.45751923,0.5095616,-0.0055039674,-0.041006025,0.26271868,-0.33214816,-0.1167234,0.5108198,0.26611352,-0.32131347,-0.911798,-0.24067399,0.10357963,0.32009727,0.13000673,-0.1418669,-0.011436645,-0.06868753,0.60175174,0.14245684,0.12347247,0.069197685,0.106231384,-0.29552197,0.12042898,0.2542825,-0.5589803,0.060101107,0.12900756,0.27954042,0.1390461,-0.32807758,-0.06304224,0.46521282,-0.18666908,-0.36400115,0.41281894,-0.05715497,-0.18555304,-0.110145435,-0.0075220875,-0.006640371,0.23878326,0.26324162,0.056397684,0.042753026,0.2091541,-0.12299225,0.5047594,0.41969898,0.053761147,0.13679314,0.15453395,-0.18029392,-0.119323954,-0.20378177,-0.2115975,0.15725408,-0.30650246,-0.15018347,-0.18989587,-0.54622024,0.13925822,0.3697964,0.06633806,-0.4298398,0.17808732,0.15385722,0.026099823,-0.023233235,0.58463824,0.28015968,0.06469712,-0.21621913,0.06960394,-0.28437993,0.4572309
-0.2871224,-0.24405974,-0.4012839,0.092830874,0.30721438,0.20655912,-0.52669865,0.11875633,-0.07133229,0.39136463,0.58407044,0.040685356,0.12429028,-0.023078047,0.14166647,0.06312348,0.8537555,-0.55747175,-0.3061987,0.22364606,-0.43569174,0.17282374,-0.14479993,-0.18150061,-0.026096579,0.24849439,0.114896476,-0.19057664,0.4897654,0.32935017,0.6098553,-0.062043928,-0.1733374,0.076169275,0.03127038,-0.57575935,-0.4102484,0.33173716,-0.055129237,0.07114812,0.04697572,0.10755728,-0.114172235,0.033777982,0.06425371,-0.2186643,0.19694804,0.09280764,-0.2657376,-0.08881236,0.113230616,-0.6168398,-0.92192036,0.288757,0.20948017,0.099365525,0.18731757,-0.373255,0.51431555,0.047809508,0.12534867,-0.95850044,0.18841115,-0.26671013,0.05492057,-0.16796944,-0.07475425,-0.19467095,-0.14092949,0.32093576,0.39797738,0.19368315,0.48928052,-0.34997255,-0.041806564,0.41959918,-0.10831752,-0.14859441,0.4872961,-0.09963772,0.47544742,0.19729507,-0.30791196,0.3688531,0.1882667,0.021111611,0.016290687,0.16386956,0.042308524,0.1897795,-0.01561087,0.09594672,0.06840793,-0.11088391,0.08757567,0.05108779,0.36787617,-0.2892012,-0.059131805,0.24456206,0.14818153,0.28715792,-0.15328541,0.41818526,-0.2677679,-0.19722404,0.049638525,0.24152862,0.05584421,0.16135025,0.10530758,0.21442631,-0.5269296,-0.19111568,0.4363382,0.11884944,0.28819615,0.1572162,0.39587286,0.22927693,-0.19364038,0.21146701,0.22596307,0.5357355,0.009409547,-0.16243249,0.16726778,-0.16281173
0.1704413,0.13694441,-0.37405422,-0.56395817,-0.0249504,0.30784655,0.06709673,-0.27025938,-0.44403017,-0.20691986,0.47340694,-0.14225656,-0.7362287,0.09589438,-0.38830137,0.67775154,-0.45710695,0.07169326,-0.26536727,-0.26531544,-0.2908775,-0.1696662,0.16289324,0.33681017,-0.78363705,-0.014236219,0.16271664,-0.40647268,-0.044126436,0.2805338,0.4691865,-0.10854918,0.08594159,0.009713326,-0.04508786,-0.36968982,-0.5433506,0.5493638,-0.38056117,-0.33968368,-0.6690372,0.43379003,0.14496934,-0.77026147,-0.0379887,0.048507944,-0.030893825,-0.6731071,-0.33248597,-0.13806824,-0.32362902,-0.015320815,-0.48926714,0.066315964,-0.06557899,0.0774597,0.110371396,0.05687189,0.3128561,0.15236694,0.58535796,-0.67265904,-0.07809088,-0.23395288,0.1172902,-0.2722481,-0.50692505,0.057983294,-0.14538577,0.142851,-0.23583294,-0.23680475,0.097001985,0.21933728,-0.5517457,-0.3244526,-0.18487273,-0.7583089,0.17007846,-0.076059476,-0.30791804,0.18282318,0.13812655,0.30664715,0.13561589,-0.57585853,-0.18815301,-0.0011069775,0.33437827,-0.038647275,0.40017864,-0.04949367,0.4748662,0.070814505,0.00062828884,0.12261146,0.1786316,-0.21058556,-0.18370625,0.6840881,-0.18745728,-0.6054765,-0.050589785,-0.08576517,-0.0445744,0.2987159,-0.5411241,-0.39811197,-0.016288482,0.101487465,-0.3729022,0.6124241,0.1700672,-0.18763722,0.11575699,0.0033719838,-0.17928658,0.23355299,0.42473316,-0.03083335,0.09712781,0.48208174,0.279552,0.36701292,0.028631315,-0.16826841,-0.42535165,-0.0069645215
0.11556779,0.12329444,-0.3066428,0.12953585,0.12670732,0.24663156,-0.29489267,-0.029114205,-0.68214434,0.082192294,0.2800978,0.15613255,-0.095545895,0.0059076753,-0.31197128,-0.084502056,0.08351321,0.16450672,-1.3421953,-0.4710035,0.09710625,0.0111110285,-0.2236059,-0.0042183623,0.14530279,-0.09562041,-0.13029426,-0.08069807,-0.33996165,-0.06357914,0.5204986,-0.096538976,-0.16348228,0.48826915,0.23751831,-0.67888796,0.043264896,-0.2869106,-0.47018653,-0.3921783,0.14355403,-0.5292047,0.16345389,-0.10877143,0.40013137,-0.4148037,0.028998554,-0.10905648,0.16555265,-0.582505,-0.11017065,-0.31082842,0.03881558,0.322357,0.08351508,0.32821867,-0.13290107,-0.39603007,0.31064814,-0.239063,0.40610456,-0.48447183,0.074853435,0.5371956,0.19890493,-0.57304734,-0.017023958,-0.084291026,0.059246585,0.05000894,0.037814096,-0.06721042,-0.25428107,0.17662321,0.17677487,-0.5078001,-0.316611,-0.12587975,-0.26562235,0.4069697,-0.15801114,0.09474805,0.4508021,-0.23564664,-0.6234009,0.09232329,0.27268308,-0.40224338,-0.22332416,0.10835196,0.23777592,0.410023,0.04998313,-0.52969676,0.3483285,-0.14256486,0.12318691,-0.20573062,0.15551205,0.6263966,-0.21079084,0.016873028,-0.040033016,-0.19060238,-0.32316387,0.10982647,-0.12857592,-0.40069818,0.18516386,0.00294381,-0.34827936,0.27273315,-0.0023597628,-0.2752654,0.11916176,0.22351606,-0.2202623,0.41826528,-0.34950775,-0.36178344,0.21860765,0.64782107,0.4817546,0.14916837,0.10524136,-0.5102752,0.07980411,-0.2718163
0.36028406,-0.17372426,-0.2533692,-1.1882244,0.3137334,-0.32625324,-0.23147824,0.28129053,0.53574985,-0.7124994,-0.15411974,-0.5367315,-0.15723094,-0.48266184,-0.4856279,-0.017578393,-0.5078941,-0.20772935,0.61318994,0.18424936,-0.061793655,-0.6029515,0.20764577,0.48022085,0.017863184,0.08772953,0.024517853,0.16502821,-0.008567356,-0.14029032,0.40157315,0.19270141,-0.16697499,0.2974807,-0.09674047,-0.85256755,0.1627287,0.29814854,-0.4211392,0.72410357,0.15150233,-0.4539358,0.18285923,-0.25062776,-0.46792537,-0.13230714,0.061352655,0.3127319,0.55414367,0.049291767,0.095047206,0.49517703,0.025736624,-0.02971533,0.061977997,-0.07168061,0.13106759,0.25090623,-0.5114696,0.38756466,0.19465367,-0.46341845,-0.46880466,0.024110429,0.51722723,-0.29669622,-0.31469834,0.041071437,-0.32799637,0.17617504,0.5280918,0.29103217,0.5008535,-0.048963547,0.052365616,-0.3607487,-0.3267833,-0.3179567,-0.041105404,-0.05739685,0.19082667,-0.5811778,-0.3097006,0.1929121,-0.6405496,-0.35173687,0.16215777,0.119717576,-0.22573389,-0.29985136,-0.085940346,0.24767429,-0.18637976,-0.28288156,-0.16040555,-0.062076785,-0.14332096,-0.012700796,0.031330585,0.67877465,-0.17788856,-0.17499077,-0.23053153,-0.41768253,0.09843024,-0.41350845,0.37955353,-0.2128296,-0.35533836,0.16806705,0.16373982,-0.088353306,0.48475128,-0.3170253,0.041832104,-0.13110667,-0.09220348,-0.30926108,0.42370582,-0.8136053,-0.15123445,0.1412755,-0.038988844,0.41959715,-0.1819207,-0.1886668,0.7406951,0.14017744
0.22699371,-0.2874645,0.11359726,0.37497854,0.104470104,-0.31235117,0.005095184,-0.054496784,0.18615736,-0.522171,-0.3268709,-0.09633882,-0.13166651,-0.58967406,-0.17260358,-0.3140641,-0.5161959,-0.43698117,-0.20385537,0.20547853,-0.15769917,0.83312047,-0.19920023,-0.005310625,-0.21458562,-0.34998783,0.017814122,-0.42401963,-0.2472906,-0.33301896,0.36459136,-0.4950958,0.16331738,-0.25732028,0.39316088,0.37925524,-0.40518594,-0.23420084,0.08307387,-0.56485873,0.099542595,0.6816424,-0.29307303,0.35755122,-0.11166083,0.51229453,0.5320944,0.21415806,-0.08619104,0.34794107,0.19393666,0.5346796,-0.012298211,-0.534258,0.010715604,0.22397372,-0.1748275,0.59579223,-0.33848575,-0.37923604,-0.09066779,0.071831554,0.17926493,-0.20376676,-0.20426282,-0.042449035,-0.09872801,-0.027836047,0.18768954,-0.24004409,-0.28589362,0.0970415,-0.090268165,-0.092659935,0.15904176,-0.27992508,-0.1681028,-0.5260478,-0.13979077,-0.1933132,-0.16984344,0.74480516,0.23952574,-0.09679416,0.47387612,0.18299644,-0.2119578,-0.20218797,-0.38487267,0.18190095,0.102485806,0.42927316,0.3266442,0.10928172,0.36728284,-0.05104798,-0.18039943,-0.2893698,0.5679566,-0.037190124,-0.40527046,-0.064972624,0.081849836,0.04972162,-0.34209627,0.16622812,0.41736543,0.071639895,-0.308744,-0.037356306,0.3367042,-0.02721826,0.038287133,-0.12395081,0.20578061,0.23510084,0.18838105,-0.41400146,0.18575327,-0.3938489,-0.10075696,0.46938998,0.4581694,0.035411105,0.5252011,-0.13208097,-0.41778663,-0.087837994
0.1426157,0.052268166,-0.1685605,-0.4204214,0.8664953,0.23105562,0.22926271,0.04088287,-0.20781618,0.05273921,-0.056191087,-0.1505518,-0.5011664,-0.10006818,-0.076508164,0.020712748,-0.46323127,-0.21064536,-0.06409375,-0.1010482,-0.08842373,0.28702882,0.27740693,0.1361281,-0.4270654,0.6003757,-0.018144727,-0.03300168,0.30435222,0.079531506,0.16327628,-0.17197794,0.06827017,-0.18880823,-0.048331775,0.18763492,-0.177631,-0.13461797,-0.034226544,-0.03413494,0.30676806,-0.004794359,0.26906094,0.032261763,0.07036365,0.444494,-0.116580784,-0.23759857,0.20713955,-0.22624335,-0.22676462,0.34986922,0.36968446,0.0926426,-0.07776355,0.077559695,0.012518585,0.3381234,0.10024479,0.009898652,-0.4310295,0.78510946,-0.5435463,-0.15171698,-0.44590086,0.14233115,0.1346222,-0.008061998,-0.1873051,-0.47402465,0.09374727,0.022130258,0.24091247,-0.25700736,0.37044892,-0.36798435,-0.23711443,-0.11010006,-0.2474144,0.34307504,0.20813543,0.27252793,0.31565,0.29943958,0.38499808,-0.47506043,-0.00248643,0.30848953,0.22274363,0.10459784,0.4565252,-0.020862134,-0.15634578,-0.34296066,0.0019329935,-0.22591062,-0.11145105,0.14630419,-0.23299024,-0.6222821,-0.05676653,-0.19416657,-0.016859736,0.17089644,0.122779064,-0.073467426,0.23506922,-0.051564388,0.40864527,-0.13485663,0.5765914,-0.23324196,-0.32716528,-0.109216884,0.5169449,0.12142742,-0.025807494,0.23253709,0.1975693,0.03842558,0.13904014,0.25216404,-0.038183354,0.07086983,-0.2298127,0.07545099,-0.48873362,-0.11096621
-0.38084003,0.0005306117,0.014197888,-0.38063416,0.63562155,0.027900673,0.4282915,-0.25575072,-0.2963146,-0.48946282,-0.33520457,0.13073647,0.15932235,-0.6590704,-0.0559835,0.011470817,0.37826768,0.47011983,-0.33178496,0.23737416,-0.18029372,0.6086398,-0.58566886,0.15220523,-0.086640894,0.4082289,0.087818824,0.39921615,0.17716628,0.034915313,0.22956593,-0.22663966,0.1716935,-0.25155693,-0.18793944,0.24615507,-0.035783216,0.76392233,-0.03238493,-0.14353882,0.2258803,0.32912356,-0.38493094,-0.57996505,-0.2147142,0.3952446,0.09610989,0.29079545,-0.28011203,-0.2278682,-0.37806234,-0.21725726,-0.9445282,0.13246956,-0.129061,-0.45283565,0.08653093,0.43764654,0.27814215,0.24878433,-0.19399169,-0.014282972,0.33154806,-0.40681463,-0.25617152,-0.086735606,-0.032892324,-0.07093038,-0.004348723,-0.19238862,0.107996434,-0.3501473,-0.07696275,0.16695073,0.19117275,-0.7192391,-0.005003997,-0.19324292,-0.35408634,-0.5273104,0.3668097,-0.06670437,0.33342826,-0.07464978,0.35687637,-0.2947476,0.2522034,-0.10029882,0.35985804,0.034582086,0.072534926,0.22953348,-0.3420805,0.642491,-0.10225925,0.36198536,0.19323172,0.048016183,0.014455111,-0.37334335,0.19929233,0.17529875,0.26219738,0.45310432,0.06829119,-0.04368134,0.37984395,0.07145752,0.08663349,0.2611439,-0.2880168,0.08882967,-0.576076,0.47558224,0.36816892,0.15226164,-0.14224617,-0.53161967,-0.55221033,0.15084983,-0.094503306,0.0050144196,0.16550627,-0.43966514,0.08981258,-0.6097076,0.02318526,-0.37058938
-0.31737912,0.08292535,0.3365878,-0.4358161,0.27897802,0.32082906,0.5171823,0.3341231,0.12550613,-0.3088081,0.245215,-0.26146743,-0.54789996,0.15374666,0.51819825,-0.28418863,0.33079106,-0.38630077,0.11509156,-0.028212547,0.28168836,-0.28128487,-0.16861056,-0.009697126,-0.29401702,0.31574717,-0.35348156,0.056960136,0.26885846,-0.2575002,0.09790647,-0.3763065,0.18634187,0.036251746,-0.29948547,-0.108026996,-0.085178226,0.25509375,0.04926473,-0.25729135,0.41336298,-0.13619018,0.094956525,0.05011715,-0.20867445,0.11271354,-0.18873167,-0.14343451,0.06495326,0.040020294,0.35656455,-0.30856988,-0.46552086,-0.46437326,0.11329305,0.12199962,0.18502928,-0.012986951,0.3412947,0.35432813,0.15020333,-0.51760745,-0.076110125,-0.11408125,0.06767288,0.3840354,-0.089622214,0.0434751,0.57798505,-0.26383176,0.41087946,-0.20207672,-0.17790298,-0.08685361,-0.41957128,0.22321868,-0.15582585,-0.27912644,-0.08770206,-0.090260446,-0.014013983,0.4637637,-0.28457186,-0.81259584,0.44810328,-0.06457172,-0.117466085,-0.39534461,-0.17435147,0.0761693,0.14984295,0.27597225,-0.07458442,-0.37210426,-0.005267533,-0.80764174,-0.0028906614,0.121825576,-0.5968599,0.0052322596,0.16821036,-0.29062188,-0.06557071,0.59653425,0.06404728,-0.34404632,-0.46426216,-0.09111099,-0.14593995,-0.0930757,0.07166164,0.09743063,0.043172866,-0.14105333,-0.01961562,-0.02697,0.3132018,0.6000068,0.12690865,-0.16499984,-0.24073133,0.5068977,0.28517532,-0.4657975,0.23515584,0.20073718,0.13390484,0.16372536
-0.20678519,-0.17311881,0.20943074,-0.9651523,0.33677974,-0.026772216,0.18160035,-0.31184113,0.1760237,-0.33916557,-0.31305063,-0.8943229,-0.07180124,0.16747242,0.14147209,-0.49172604,-0.19310561,1.0134755,-0.31148568,0.20596653,-0.1165826,0.0021017417,0.034387976,0.124501325,-0.09225242,0.6581224,-0.40641302,0.19660442,0.16961639,-0.7007231,0.20775668,-0.06173069,-0.091663904,0.31597495,-0.16924855,-0.47575158,0.0089740455,0.2146614,-0.47268352,0.076698914,0.45197266,0.15529048,-0.04599335,0.12133031,-0.9564241,0.1515384,0.6949341,0.38374007,-0.07356797,0.14860363,-0.9190634,0.25921118,-0.25371942,-0.00576777,-0.10253791,-0.56049037,0.27168888,0.52464426,-0.77983344,0.54288846,0.066480495,-0.34414926,0.049323052,-0.058217168,0.3620041,-0.28642005,-0.14770508,-0.059125867,0.057175916,-0.62404096,0.36164188,-0.30720717,0.23087254,-0.009187534,-0.7190005,-0.54819334,0.13024648,0.015096586,0.16673547,0.36195377,-0.05565869,-0.14943649,0.42178628,-0.111732945,-0.17394327,-0.36194044,-0.20564565,0.32613128,-0.43788895,-0.24031597,-0.11303156,-0.69944257,0.84917206,0.16496569,0.3071113,-0.08354956,-0.17784196,0.003636755,0.08412732,0.15039903,0.09311706,-0.064492226,0.26793095,-0.44998297,-0.295498,0.57797855,0.5272639,0.22252974,-0.73926795,-0.38363612,0.26372248,0.28867894,-0.23856662,0.020389335,0.25134328,-0.0066278055,0.0032658726,0.18307215,0.10292664,-0.40030435,0.49779025,0.32209003,0.04205315,0.17618713,-0.159777,0.20384194,-0.23339868,-0.34667006
0.38950813,-0.33444062,-0.26131052,-0.33728924,0.7396851,0.21146104,0.14760971,0.2106849,-0.4180206,0.25220126,-0.27233917,0.3698336,-0.12389192,-0.13455641,0.15371373,-0.59873307,-0.13608548,0.046976183,-0.38590813,0.09173517,-0.26255974,-0.05911494,-0.18485929,-0.11691839,0.18608819,-0.40032893,-0.28004727,0.4662,-0.16239406,-0.34791732,0.5224217,-0.16184773,0.2869854,-0.24818344,-0.03486213,0.45196232,-0.7461946,-0.09513999,0.11941755,-0.19621919,0.15903535,0.45358554,-0.09081218,0.08594605,0.2527824,-0.10544183,0.51589644,0.13260742,0.052445024,0.016198825,-0.123208195,-0.27923566,-0.5208864,-0.08532785,0.26694548,0.2233061,-0.06579074,0.52131176,-0.08144888,0.027236812,-0.22071588,0.7113478,-0.17027755,-0.43706426,0.489031,-0.12131542,-0.22164328,-0.7060317,0.28575906,0.0056975186,-0.119527094,0.34354064,0.28294215,0.17224434,-0.32096148,0.0274449,-0.39524925,-0.68701434,0.33004978,-0.2982032,-0.056484282,0.47731385,0.18795668,-0.28184384,0.15650192,-0.104957715,-0.41722327,0.11039783,-0.20925039,-0.22661576,-0.1538122,0.40749484,-0.07009165,0.55151606,-0.23714623,-0.18767057,-0.29098594,-0.012746613,-0.16611885,-0.86560065,0.18585436,-0.23950961,-0.2149693,0.24478531,-0.018067315,0.048813906,0.7365576,0.01668417,-0.15947041,0.07405635,0.37851602,0.07060289,-0.21036813,0.48058453,0.39755118,0.31067666,0.11556527,-0.29139888,0.5555559,-0.65993863,-0.21893919,0.56184494,0.41483247,0.3967084,-0.14909716,0.24903542,-0.17293759,0.09629288
0.1862171,0.15459794,-0.113335565,-0.43033522,0.026017606,0.13148291,0.1702259,0.37037385,-0.14044741,0.25777912,0.5467402,0.18065539,0.037050486,-0.1758706,0.5278133,0.25370136,-0.13261104,-0.22668149,0.27626026,0.0748353,0.11167446,0.07194397,0.17429492,0.20975058,-0.48962766,-0.48945767,-0.38108927,0.09528042,0.5240181,0.017185532,0.097635314,-0.039607693,-0.3946375,-0.026406094,-0.1879111,-0.17711288,-0.43237713,-0.0062502846,-0.10263528,-0.18942404,-0.78864396,-0.49345464,0.20755579,-0.17223518,-0.38201776,-0.72208655,0.12615812,0.5814105,-0.4662981,0.4765929,-0.49236825,0.50853544,0.12292269,0.88020605,0.01631933,0.5330208,-0.006619256,-0.15205225,-0.4671929,-0.00721197,0.21601507,-0.81834286,0.120511144,-0.34943077,0.10730843,-0.60028255,-0.16660167,0.08708159,-0.2917671,-0.15969105,0.55924904,-0.34446588,-0.24974641,-0.5172099,-0.0021516774,-0.22462618,-0.49174842,0.018853948,-0.0077137053,0.2699341,-0.36612535,-0.3024578,-0.25600532,-0.075162455,-0.3200769,0.11245383,0.6227918,-0.10752243,0.823146,0.04420676,0.17524289,-0.46706253,-0.15759498,0.09665773,-0.06639427,-0.01715948,-0.21876119,-0.28868243,0.12692332,-0.5834061,-0.75090635,0.60593224,0.3063846,-0.50157595,-0.42992586,0.31579873,-0.18944234,0.5227608,-0.4768527,0.6969285,0.08821309,-0.0615585,0.036699954,0.26956725,0.12487383,-0.24915692,0.19347471,-0.4255698,-0.09568934,0.07924008,0.056493185,0.17474297,0.30834708,0.6654468,-0.14151096,0.20120992,0.5143337,-0.41778597
-0.08897574,0.445644,-0.23158838,0.29058486,-0.029375512,-0.62321746,-0.06210947,0.20996079,0.61792475,-0.31651065,-0.08203482,-0.31238064,0.3617848,-0.2839852,-0.034490004,0.20491207,-0.68350416,0.31292057,-0.33455902,-0.46702835,-0.9523356,0.07881059,0.43278947,0.041026726,-0.22608702,0.34047306,0.24393113,0.39450106,0.11993298,-0.11455396,0.071552284,-0.10086797,-0.45314997,0.24992067,0.33152246,0.867129,-0.13546078,0.25522953,-0.2715968,-0.6368326,0.19643629,0.41279253,0.20539254,-0.40938973,-0.53991205,0.35318223,0.47996926,-0.17063288,-0.09695052,0.31620717,0.14373074,0.40687335,0.059515003,-0.34882733,-0.13107836,0.5139209,0.07985318,0.38341677,-0.1663836,0.43083733,-0.16267562,0.23284408,-0.33546555,-0.36517757,-0.42965746,-0.35650367,-0.048356533,0.5934348,0.21016386,-0.36203012,0.14572018,-0.04995956,-0.59962267,-0.029820338,0.0008075163,0.24986434,-0.27332968,0.0054107513,-0.19268669,-0.21062806,-0.13193586,-0.28772327,-0.24205822,0.30161855,0.061323665,-0.51167786,-0.3201699,0.34447658,-0.25724757,-0.68124723,-0.08990225,0.017969877,-0.2536211,0.14617419,0.12299051,-0.14956576,-0.8396388,-0.16126221,-0.1494934,-0.10587102,-0.056208484,-0.065647185,0.29677153,0.049347322,0.42720503,0.04807856,-0.17382911,-0.034756154,0.35067326,-0.52568513,0.1848408,-0.5663061,0.038327582,-0.4599514,-0.15683955,0.11604307,-0.020322688,-0.6026968,0.25991514,0.13333638,-0.123564035,0.8240131,0.24447769,0.15976092,0.22084595,-0.34125018,0.05540143,-0.38457924
-0.15718561,0.37851533,-0.14250225,-0.041143924,0.23068577,-0.25930652,-0.34791753,-0.2957783,0.18213218,-0.5283034,-0.11007748,-0.2355764,0.1007089,-0.10926737,-0.37058243,0.12577853,-0.28624308,-0.009178653,-0.29614693,0.20480877,-0.021732746,0.16131839,0.12896645,-0.38444364,-0.18543752,0.44103378,0.09827261,0.14303678,-0.0056228926,0.47969985,0.33556575,0.4671845,0.41942218,0.1340261,-0.18018886,0.76239467,-0.22460634,-0.43770978,-0.18691559,0.031849444,0.52238214,0.05797568,-0.11702041,0.4007702,0.3059602,0.17186674,0.66446674,-0.17085534,0.35323298,-0.24442272,0.18362392,-0.094655484,-0.27835867,0.059212487,0.38414177,-0.12414897,-0.2175465,-0.031555712,0.123010345,0.07500397,0.22907779,0.35879266,-0.2028009,-0.116342366,0.23652822,0.29390955,-0.19898288,0.304522,0.27152294,0.13170007,-0.5719987,-0.08902751,0.81003636,0.11744514,-0.28190044,-0.08516539,-0.30058795,-0.74834096,0.12869549,-0.63267374,0.09107127,0.1033818,-0.007173579,0.16349258,0.13550046,-0.20224185,-0.065925315,-0.03769727,-0.42408648,0.03264811,0.184198,0.21667066,-0.007160932,-0.06885961,0.03344386,0.4198445,0.21142456,-0.020883199,-0.103118554,-0.13784131,-0.3647673,-0.26249054,-0.44309947,0.19081877,0.16559093,-0.15066996,0.2679305,0.060795546,-0.19810955,-0.0312887,0.07389999,-0.56520975,-0.07568321,0.03877744,-0.10087248,0.4331567,-0.06002695,-0.16769385,-0.23991594,-0.09762889,-0.37211543,0.6765673,-0.14829108,0.34316102,0.31146854,-0.3603562,0.09460472,-0.26721662
-0.049377557,0.26829472,-0.33879676,-0.28649268,-0.66865265,-0.11254914,0.12147954,0.07939996,0.3607418,-0.012568355,-0.53528005,-0.015170857,0.33282977,-0.32396948,-0.18643132,0.105515726,-0.13646252,0.16951077,0.15523484,0.53937525,0.09043382,0.27987796,0.26568502,0.08635275,0.22661465,-0.17910767,0.2542976,-0.52631783,0.1319879,-0.17556128,0.5833984,-0.18207276,0.55401504,0.29668522,-0.6393132,0.6489267,0.105753005,-0.30560195,-0.6332908,-0.1623067,0.014056312,-0.044057608,-0.06694228,-0.17179483,0.0021025632,0.6694632,-0.310551,-0.2908541,-0.16858827,0.5209846,-0.26109153,0.09215398,0.3567181,0.06947878,-0.11593461,0.10513583,-0.12963592,0.07690507,-0.135156,-0.8101723,0.3043053,0.4589138,-0.13066211,-0.24428728,0.23821667,-0.12962444,0.36058706,-0.28630918,-0.14186959,0.24814022,-0.3329608,0.18051352,0.21313521,-0.34455395,-0.23428704,0.26156688,0.41677022,-0.020494811,-0.4371168,-0.45164418,-0.1294345,0.028716728,-0.5639703,0.16026539,0.27617544,-0.31298018,0.18346545,-0.5617631,-0.12853853,0.15646768,-0.037327535,-0.058338836,-0.008304328,-0.18664126,-0.15984452,0.24462722,-0.06020552,-0.25719494,0.12147783,-0.09310424,-0.08470961,-0.020402499,0.7960068,-0.49736157,-0.025453195,-0.41435272,-0.65201944,0.39575645,-0.140811,-0.11597282,0.12759742,0.17800075,-0.04281031,0.087278485,-0.4919396,0.0635207,0.2981148,-0.813596,-0.6681499,-0.39248708,-0.19934243,0.2950243,-0.31121123,0.4333151,-0.024428114,-0.09407928,-0.25886723,0.2887512
0.077643946,-0.47188127,-0.36879766,0.63053185,0.45023698,0.077994935,-0.07101287,0.26763222,0.11609842,-0.40793175,0.6831672,0.13133979,0.16304609,-0.03635744,0.6660025,-0.32100505,-0.41419306,0.022752088,-0.26797748,0.29045236,0.38446763,0.60364944,-0.7212051,-0.49453905,-0.6595444,-0.52808285,0.10520503,-0.29741615,-0.42185134,0.15064566,0.2860462,0.20422989,-1.0238547,0.23914555,0.3534469,0.84699774,-0.060172208,-0.632512,-0.1534828,-0.50718445,0.0039027184,-0.3054278,-0.37301415,-0.89163023,-0.3684774,-0.026837014,-0.31897226,-0.5080822,-0.57845145,0.3117871,0.28113583,0.525425,0.36793157,0.11197894,0.050405867,0.29368424,0.4156122,0.09477852,-0.52684164,-0.5574606,0.03138548,-0.41195312,-0.4360885,-0.08496342,-0.32437867,-0.029929593,0.43718866,0.05218122,0.015312776,0.27626064,-0.112839036,0.006574928,0.6180831,0.26581618,-0.65395933,0.057620574,0.28432605,-0.102551505,-0.5241288,0.39237344,-0.08378675,-0.48057908,0.12809294,0.21617115,-0.54433995,0.04113745,0.7907222,0.27158725,-0.2693121,-0.13337877,-0.11849734,-0.24672659,0.18861096,-0.37479934,0.30129394,0.4174059,-0.10678202,-0.036567397,-0.0791762,0.47250658,0.243396,-0.28872168,0.7439262,0.19315219,0.20323648,0.51045644,0.3018786,0.28282645,-0.4331199,0.011277908,0.06701417,-0.91045076,-0.23239185,0.21014072,-0.37995666,0.50494784,-0.65641385,-0.008457169,0.35575694,-0.19558461,-0.13608716,0.2006475,-0.58739823,0.5569645,0.5698803,0.13785322,0.07322594,0.044354793
0.2391703,0.47364593,-0.046602886,0.23832756,-0.17337236,0.30354226,-0.39749604,0.13560799,0.1272386,0.20570076,-0.34479582,0.48319036,0.23961014,-0.21561062,-0.116291314,-0.06428715,-0.28740078,0.18020229,-0.19201198,-0.46429646,-0.6794782,-0.32173252,-0.3982114,-0.4416874,-0.11916306,-0.5482266,-0.03441266,0.19850889,0.36433262,0.46062696,-0.49785218,0.3638122,0.2083352,0.14433977,0.21132447,-0.2580757,-0.14045687,-0.23491877,-0.25521824,-0.10870074,-0.36460823,0.010349289,0.29329208,-0.77844244,-0.48276067,-0.6670903,-0.16370833,-0.53059894,-0.45997378,-0.2920237,0.6364056,0.32838368,-0.15145408,-0.6940755,0.26982924,0.40909854,0.461677,-0.35168207,0.12334499,0.01663569,0.01780197,-0.4019655,0.43240735,-0.24532835,0.26069126,0.32126644,-0.060217217,-0.017111547,-0.023259327,-0.2952752,-0.77648324,0.19358559,-0.68823725,0.1343396,0.39588597,-0.39775017,0.062545076,0.049271062,-0.013018735,-0.52131057,0.22815055,-0.58287585,-0.39606476,-0.20258306,-0.06765051,0.27020994,-0.309634,0.18418452,-0.1728864,-0.32452053,0.5294349,-0.025663406,0.32782272,0.15086457,0.15113278,0.19806564,-0.109838724,0.2900991,-0.07450105,-1.3551841,0.110357285,0.7168919,0.11146017,-0.7007181,-0.1568076,0.09791798,0.054808527,0.59274924,-0.2501465,-0.7549695,0.36383185,0.036092643,0.3646295,0.0008384511,-0.17677638,-0.072377235,-0.119210474,0.108691126,-0.62174195,0.314648,0.41646627,0.7092519,0.24141066,0.09625995,-0.6450793,0.098750964,0.33826554,0.004082581
0.25911623,0.034338783,-0.15474759,0.11158931,-0.5523012,-0.33761612,-0.74211174,0.022257594,-0.22034274,-0.036515884,0.24637088,0.0012674406,-0.0811063,-0.05004732,-0.0071793497,-0.53828216,0.22591025,-0.2841177,-0.28512084,-0.12598786,-0.10820643,0.43370134,0.1350495,-0.045166824,-0.16985497,-0.23095736,-0.018845882,0.049940024,-0.028739095,0.23821823,0.005095804,0.08709465,-0.2691714,0.21697684,-0.39006078,0.0800421,-0.28597236,0.16249156,-0.06671699,0.15909767,-0.6647741,-0.11079423,0.69181955,0.12537909,-0.08603829,0.2921825,-0.29862583,-0.17124078,0.115764454,-0.09226578,-0.31277665,-0.09136051,0.16492134,-0.19899261,-0.16996302,0.49795508,0.03205993,-0.5350793,-0.371233,0.36777663,-0.010281742,-0.5191621,-0.70006156,0.19972509,-0.06689823,0.06619701,0.355847,0.34539056,0.08778508,-0.030502295,-0.33374944,-0.11186075,-0.5913508,0.24536237,-0.06597336,0.40124005,-0.14686301,0.28445262,-0.86738634,-0.100595765,-0.22656637,-0.68197083,0.16898578,-0.6692983,-0.31696755,-0.017960064,0.6030965,0.45663074,-0.049474806,-0.039986238,-0.0025295839,0.030019209,0.12900156,-0.5022679,-0.03331053,-0.09198485,-0.4304865,0.22604306,0.07123812,-1.485724,0.024555184,0.10721809,0.21882914,-0.2855809,0.14963816,0.40835607,-0.28279787,-0.07411486,-0.07158203,-0.13484675,0.35963124,-0.44680196,0.18116173,0.25961128,0.13414203,-0.2804529,0.19046022,-0.4917641,0.22386041,-0.13988876,0.38949385,0.10382141,0.085019305,0.57455677,-0.18070042,-0.6610725,-0.03266479,0.6028978
0.13679668,0.06880967,-0.12149048,0.1526924,-0.54459,-0.25567237,-0.24454638,-0.039258443,-0.22200096,-0.118000455,-0.5700745,0.29406098,-0.13178395,0.2894493,0.5811407,0.09536156,0.06889225,-0.02094344,-0.029370084,0.019603834,-0.35588968,0.43621388,-0.09358086,0.04432165,-0.19657922,-0.38297993,0.03781399,-0.36868235,0.23507608,0.12740736,0.06769815,-0.07982755,0.36301976,0.2526413,-0.39451078,-0.052795947,0.12763062,-0.0710824,0.051766872,-0.6672761,-0.7071668,-0.49057263,-0.4311868,-0.070044264,-0.35774708,-0.7463031,0.065275416,0.39692247,-0.6846758,-0.12700257,0.17409545,0.17557561,0.034041792,0.00183082,-0.7023436,0.46590167,-0.4916552,-0.44454402,0.40565825,0.12434508,0.15792204,-1.0066038,-0.4725095,-0.08025483,0.25700834,-0.42380634,-0.1327095,-0.6141537,-0.34887877,-0.1090195,0.12732925,0.33508918,-0.63300586,0.1447269,0.1193178,0.25681707,-0.18013057,-0.015071617,0.39103812,-0.16919371,0.21242888,-0.24155429,-0.18331113,-0.3783383,0.00450778,-0.70641994,0.14562526,-0.030333286,-0.40415472,0.51040626,-0.013537206,-0.3196426,-0.29999527,-0.13940345,0.4785685,0.14411049,-0.084386855,-0.16505301,0.29719633,-1.1816101,-0.22560665,-0.3586062,0.4302622,-0.7931421,-0.06251704,-0.110065915,-0.1897882,-0.013111817,-0.17833331,0.35943154,-0.2658213,0.19824466,0.53052104,0.67738175,-0.36384684,-0.14186679,0.7708491,-0.46536225,-0.04604726,0.25107554,0.32585555,0.2737292,0.8748639,-0.004818164,0.4680739,-0.3553566,-0.41848364,0.067416824
0.30015528,0.5835052,-0.009978816,-0.5125445,0.22669308,0.049631596,0.14803761,-0.04339283,-0.09723939,-0.1547004,-0.115248285,-0.16084015,-0.04200439,-0.34596628,-0.3307578,0.16185308,0.05536391,0.18075952,-0.27680057,-0.27786434,-0.062346257,0.056411974,0.07105804,-0.0240286,-0.02458134,-0.024795473,-0.015593992,-0.02186621,-0.605723,-0.044877928,0.9112036,0.20480037,-0.08590975,-0.32415074,0.39426187,-0.39760816,-0.47739106,-0.029773459,0.0224449,0.26717046,-0.33898243,-0.13736825,-0.17633505,-0.14171532,-0.12878416,-0.55250293,-0.34880197,-0.50846714,-0.14960453,-0.3672989,0.051224187,0.23116592,-0.12697935,0.089076355,0.2996546,0.13702466,0.007692855,-0.2295841,-0.2850383,-0.6293219,0.13462332,-0.50814927,-0.20474567,0.20652094,0.43197802,-0.26185375,-0.017781883,-0.40486673,-0.037477426,-0.34873587,-0.015596241,-0.3158735,0.3014883,-0.2544946,0.16700926,-0.21362787,-0.45757765,0.3762783,-0.33499825,0.38840777,-0.40270936,0.11209127,-0.38291588,0.098808035,-0.358994,-0.11913921,-0.06954606,-0.80619776,-0.19988252,0.51368356,-0.14209896,-0.33548272,0.30068332,-0.4139767,0.28190592,-0.14771987,0.012429953,-0.369258,0.33851606,-0.14847417,0.24298769,0.11266638,0.3796842,-0.59647834,0.23459083,-0.009500921,-0.62261295,0.47071916,-0.08654028,0.30001813,-0.33102235,-0.08929189,-0.020355366,-0.0049154796,-0.8020129,0.30992508,0.1301442,0.1185212,-0.5996022,-0.60965514,-0.15232891,0.123668194,0.28001598,0.6136107,-0.1270734,-0.07442629,0.3635968,0.13952354
-0.036159165,-0.4116727,0.04303028,0.9904865,0.12410939,-0.3644563,-0.31074068,0.07385357,-0.18685403,-0.5082073,0.20213087,0.16633908,-0.2809033,-0.17996787,0.4776621,-0.60231405,-0.18191025,-0.31095546,0.20253806,-0.117863424,-0.24167272,-0.02334347,-0.38032174,-0.60239863,-0.44419846,-0.14189368,-0.23747584,0.020701822,0.47847706,0.0775767,0.20716447,0.31363016,-0.017441139,-0.14380462,0.3904754,0.2587153,-0.07401638,-0.14241916,0.55202794,-0.40326187,-0.5404093,-0.18980186,0.05442241,-0.1071373,-0.72431743,-0.6040715,-0.03151794,-0.09186291,-0.048316274,-0.3568051,-0.072999254,0.66959965,0.491274,-0.028192261,-0.15845399,0.12876941,0.4607475,0.6195996,-0.44980815,0.21093819,-0.6231768,-0.3819359,-0.5031509,0.1336758,0.44725138,-0.2720037,-0.06882943,0.67507064,-0.01823282,0.08569736,-0.046087556,-0.43239653,0.1684211,-0.2577711,-0.2920593,0.020084172,0.14574037,-0.540768,0.35106963,0.042563073,0.5844969,-0.17646392,0.12295354,-0.11688198,0.8646037,0.009462446,0.24650937,0.17057216,-0.05849208,-0.17047054,0.20568377,-0.013907999,-0.19678426,-0.19707513,-0.38176984,-0.5382122,0.5193475,-0.28528124,0.28261596,0.7492195,-0.17141159,0.4268653,0.06645806,-0.18580528,0.009102181,0.49925905,-0.08083975,-0.055563055,-0.21848765,-0.49263605,0.2213157,0.3225226,-0.101738565,-0.39866346,-0.3341784,-0.33834368,0.016408265,0.4853723,0.5216018,0.05736191,0.15514314,0.74312115,-0.039480597,0.65000373,0.2840649,-0.58446795,0.5274381,-0.1049303
-0.29336196,0.35298267,-0.11671208,-0.112583235,-0.3692852,0.5294453,0.16375723,0.15245065,-0.18071999,0.1866313,0.14094272,-0.11255517,0.11935501,0.66267437,0.36474788,0.49614003,0.29472834,0.58754414,-0.40760273,-0.28551394,0.15365317,-0.027872868,-0.053413354,-0.5863568,-0.18582861,-0.31642425,-0.2850249,-0.7254815,1.0692472,-0.5236765,0.26363033,0.23545769,0.087035075,0.0047360286,-0.6683468,0.068834946,0.24171798,-0.0012607202,-0.53511256,-0.6564311,-1.0463833,0.04369688,-0.4849009,-0.11303918,0.4185811,-0.2808692,-0.094414026,0.04614474,-0.13192919,-0.4684125,0.3520061,0.49629676,-0.4559917,0.29515073,0.33248127,-0.009135976,0.10031818,-0.18351413,-0.16150478,-0.085406564,-0.3086548,-0.8218452,0.10535482,-0.48574677,0.52344006,-0.47110885,0.48189217,0.65156394,0.309628,0.23228975,-0.26977754,0.061324038,0.2144635,-0.52249944,-0.21142621,0.3747335,-0.7444639,-0.5284376,-0.39068353,-0.025186427,-0.3941503,0.035057306,-0.36204457,0.18847716,-0.55121607,-0.3012408,-0.61730385,-0.36127123,-0.14718747,-0.30278224,-0.009789857,0.83587664,0.16811508,1.0878876,0.14407,0.040325083,-0.14911383,-0.24294607,0.05535583,-0.40943936,0.0047914684,-0.4139992,-0.015144866,-0.07809767,-0.23333648,0.96175945,-0.40325683,-0.5447146,0.38440776,-0.6140082,0.17823693,0.4918443,-0.05564926,-0.51742435,-0.55234134,0.8220993,-0.77869946,0.30567133,-0.18573746,-0.6371697,0.36712423,0.09858349,-0.090180874,0.21215446,0.113293454,0.18292576,0.35186082,0.05423523
0.20725799,0.56092274,0.20496857,-0.5549738,0.539956,-0.16553217,-0.13787651,-0.38322645,-0.09208869,-0.12221709,-0.3734711,-0.9875182,-0.018554214,-0.43914533,0.12564763,0.33520415,-0.24905732,-0.46015435,-0.074289344,-0.061828054,-0.2544074,0.07165399,0.17926566,0.18123475,0.21605736,-0.49470842,0.18393794,0.13302696,-0.2076614,0.03989957,0.28928024,0.21484774,-0.0059819967,0.05766899,0.20221162,-0.29111278,0.43988657,-0.33344918,-0.5260469,-0.22878134,0.07941154,-0.039754093,-0.17114833,-0.20370297,0.34707114,0.062681936,0.375108,0.13771497,0.18077593,-0.18223132,-0.19701272,0.13507898,0.030153252,-0.062454626,0.40043548,-0.2159547,-0.21205086,0.121503286,-0.11009908,0.48542285,-0.1270477,-0.46349236,-0.26746923,-0.17145611,0.13470873,-0.023435026,0.024280243,-0.31751782,0.28886098,0.08227293,0.07943598,0.061280206,-0.0055125505,-0.05625613,0.064188264,-0.8838016,-0.24759823,-0.14365369,-0.38421875,0.20220798,0.34227085,0.1266471,0.13443317,-0.16105133,-0.019280031,0.2767324,0.030485328,0.05434487,0.056404397,0.35722896,0.2802163,-0.08904774,0.38731918,-0.24660388,0.08177293,-0.071884006,-0.15627633,-0.24735266,0.27835152,0.90950805,-0.5321611,0.0055424497,0.1408453,-0.39816943,-0.4968233,0.23819779,0.21437733,-0.06418068,0.051092997,-0.18608737,0.42121777,-0.22531188,-0.3862375,0.37867224,-0.08635291,0.54062796,0.22451785,0.49066347,-0.06616841,-0.32029223,0.22852615,0.37870675,-0.0240304,0.44262022,0.18991245,-0.47741026,-0.74618316,0.40384826
0.21143611,-0.22014786,0.7093371,-0.17603347,0.030134067,0.12662806,-0.009001106,-0.3915888,0.3314316,-0.19769345,0.39746192,-0.00039801374,0.015780061,0.16640696,0.22307874,0.40884018,-0.8330444,0.6672804,0.3112899,-0.7028154,0.22881132,0.23895223,-0.18797168,-0.03668818,-0.20918323,-0.60754377,0.12220369,0.033823624,-0.5809679,0.1851543,0.80953693,0.36492756,0.08741175,0.056396507,-0.11523762,-0.12861562,-0.1272207,0.005739169,-0.19456418,-0.28677866,-0.034277275,-0.38763893,-0.07706432,-0.63250285,0.096846476,0.058739573,-0.0010191165,-0.4614601,0.29103297,-0.21999246,-0.5067414,-0.077507675,-0.35952193,-0.64566475,-0.5755706,0.18657008,0.57656103,-0.3988695,-0.5723603,0.018776849,0.55953646,-0.06543529,-0.21288224,0.22612211,0.8082943,0.26384532,-0.37702352,-0.28144252,0.3815763,0.2828939,0.010283526,-0.26391965,0.39944774,0.35494316,0.100602224,-0.56823087,-0.32926008,-0.8225618,-0.19889386,0.59395546,-0.18089232,0.23282446,0.72477335,0.036201894,-0.0449619,0.23693705,0.3133511,0.2264826,-0.15386058,-0.24317902,0.763306,-0.26749456,-0.06857915,0.38990626,-0.23780924,-0.7930245,0.20841098,-0.051186517,-0.22816484,1.0163631,-0.5653014,0.28608462,-0.9937173,-0.24797304,0.21645156,0.6284683,0.31600446,-0.28667504,-0.051578064,0.40806615,0.01573737,-0.058958784,0.06982297,0.17976145,-0.16048127,-0.16399923,0.06268795,-0.17454976,-0.6236913,-0.21188428,-0.104719184,0.30144542,-0.53252614,0.08343981,0.45253408,0.42309582,-0.39736024,-0.26590294
0.0803812,0.28392318,-0.16330127,-0.8570386,-0.1742746,-0.5280572,0.20466283,-0.0026713908,0.31505752,-0.019516662,0.047659487,-0.12678328,0.31139502,-0.16120288,0.021623034,-0.26218596,-0.36972135,-0.058008775,-0.15657443,0.43230566,-0.66500723,0.35402375,0.23237163,0.33119613,0.4277348,-0.16578911,0.44861686,0.30810744,-0.0034835339,0.16312887,0.3645234,-0.027630836,0.41753557,-0.52880013,0.30131546,-0.38971952,-0.2532334,0.4199944,-0.094031624,-0.726405,0.28465715,-0.7751819,0.074246645,-0.08176461,0.18011037,-0.2193998,0.3445228,0.099464655,0.4659916,-0.4658244,-0.42923242,0.202259,0.0022861427,-0.28929746,-0.20215206,-0.12994215,-0.019293,-0.2339145,-0.48237658,-0.16945526,0.44086027,-0.57099265,0.16225025,-0.053511046,0.79882383,-0.5582957,-0.66042244,-0.5157425,0.18503451,-0.49085915,-0.13547488,-0.6026321,0.22792926,0.10590906,-0.13668562,0.024068028,-0.35487172,-0.33572257,0.5673636,-0.11789866,-0.4459259,-0.38044488,0.20025295,0.21647596,-0.35673958,-0.62340605,-0.11663865,-0.3144328,0.23185766,0.23673709,0.39460388,0.44854528,0.11338527,-0.036719594,0.16424866,-0.35701928,0.20164856,-0.3564521,0.19470726,0.628234,-0.5024043,-0.690333,0.25265485,-0.29433605,0.42624345,0.30744356,-0.2919465,0.1959717,0.5098723,-0.40913624,0.47236386,-0.31047213,-0.31565022,0.21806464,-0.6709496,0.6431409,0.03273778,0.6116429,-0.49138156,-0.33920082,0.57545155,0.4094472,-0.49058363,0.047759205,-0.43376902,-0.39489552,-0.7760058,-0.2233911
-0.057438552,-0.6977549,-0.08303332,0.263348,-0.37141547,0.015310742,-0.78668916,-0.056735963,0.033509783,0.43763852,-0.23903656,-0.63441855,0.025258422,0.64864427,0.644565,0.3474217,-0.64027965,-0.18358275,0.33576095,0.3187493,0.46306518,0.081359655,0.26392382,0.42225093,0.12434145,0.30812502,0.16375493,0.109469205,0.43059012,-0.505754,-0.27201906,-0.22716543,0.15133403,0.5753596,0.5960852,0.4453177,0.080335245,0.44374982,0.3550216,-0.52425915,0.2970454,-0.101798944,-0.35619015,0.32754794,0.6514954,-0.3175277,-0.1886203,0.36375272,0.040114358,0.33790222,-0.18129821,0.118857875,0.3381974,-0.4558373,-0.14061648,-0.17941989,0.6378343,0.08355524,-0.27793854,0.72200334,0.2197331,-0.7297073,-0.10822357,-0.008972531,0.5665031,-0.106720686,0.09328037,-0.36405617,0.006124802,0.18771043,-0.14953205,0.14756237,-0.25715917,-0.16933227,-0.19898956,-0.0296277,-0.5194338,0.130227,-0.5889948,0.64488095,-0.15984693,-0.8741306,-0.7709335,-0.1724086,-0.19653133,0.5232038,-0.039329484,0.20984158,0.42825052,0.13975663,-0.079964384,0.6627063,0.10609551,0.34163094,-0.60692805,0.121273346,-0.47125426,-0.12814246,-0.4555434,-1.1445807,-0.3995819,-0.31391078,-0.07382372,-0.23919028,0.34713992,-0.56470656,-0.1270997,-0.15719351,-0.2139761,-0.09673422,-0.08973488,0.22092801,0.3204858,0.30490598,0.4562394,-0.07194444,-0.40656734,-0.28344816,0.24751928,0.21404156,0.45134315,-0.017882913,-0.3045562,-0.33788568,0.192631,-0.29132345,0.02547872,0.12953359
-0.055360693,-0.30180764,0.08600036,0.8954129,0.10378218,-0.16062354,0.049919456,-0.22083294,-0.027795956,-0.077846825,-0.20131637,0.32523987,-0.19385429,-0.44074118,-0.2578388,0.08181057,-0.0346469,0.03317463,-0.1329422,-0.4500665,-0.27389017,-0.09765151,-0.082745075,0.33508372,-0.34151807,-0.06664106,0.49967793,0.06235038,-0.094824076,-0.08302501,-0.08650611,0.2854621,-0.28987983,-0.024604812,0.15245573,0.6882316,0.51610553,-0.31118435,-0.09521795,0.26229888,-0.043124594,0.112816766,-0.5637448,-0.10557501,0.10267491,0.09261437,-0.0072486997,0.321008,-0.013195515,-0.16179094,0.14788315,-0.55142224,0.25033897,0.052822407,0.46790552,0.13120343,0.038255524,0.22387758,-0.46899235,-0.4448009,-0.06886351,-0.13908431,-0.23566605,0.12632495,0.12932312,0.17512341,-0.06876077,-0.34372342,-0.031203777,-0.21667278,-0.35647625,-0.20174715,0.11835722,-0.10540335,-0.108110875,-0.47368398,-0.32122812,-0.12731168,0.05337715,0.4017402,0.09643215,0.16296482,-0.13998887,0.06401849,0.26916707,-0.17105879,-0.09599888,0.024115942,0.17998825,0.20294741,-0.11082749,-0.013995275,0.06570446,-0.4092912,0.4035523,0.24355417,-0.23997048,0.4619247,0.016133681,0.7945518,0.17921042,-0.4520319,0.11979537,-0.072871566,0.03315164,0.21918076,-0.30464792,0.06071879,-0.42131633,0.33125836,-0.073643744,0.011777662,-0.20659867,-0.43207282,0.12305054,-0.123632446,0.23336552,-0.10363492,0.19017428,0.006468527,-0.28747734,0.08555071,-0.30590093,0.17621988,0.7131361,0.004591115,-0.14020228,0.23897062
-0.06692226,-0.10474219,0.048560485,-0.5655821,0.20540051,0.32501316,-0.39161098,-0.15864547,-0.11185883,0.983758,-0.27768868,0.2996464,-0.26505494,0.079393774,0.67327785,0.10443303,0.4116012,0.1169622,-0.22647434,0.43205565,-0.48458177,-0.60846007,0.0027221963,0.20782962,0.024251536,0.10913694,-0.3619188,-0.49775496,0.32580233,-0.14565706,0.58904785,0.18904696,-0.027267864,0.22448617,-0.043537002,-0.21226668,-0.5315752,-0.57577455,-0.019606858,-0.707605,-0.50005764,-0.08069883,0.24153915,-0.06672643,0.2725289,-0.93128204,0.37195835,0.170015,-0.005783707,-0.24321331,-0.17998587,0.14483899,0.3108437,-0.21401985,-0.5081486,0.24876995,-0.08396025,-0.40154916,-0.046181656,-0.22556682,0.1698602,-0.56194794,-0.2500254,0.2009796,0.26367703,-0.6162948,-0.18807852,-0.13676736,-0.34648126,0.6190082,-0.69334525,-0.6190129,-0.20370391,0.6056327,-0.28145045,-0.25861013,-0.30587626,-0.51478493,0.42274785,0.28878012,-0.094653934,-0.3247185,0.18265472,0.38177314,0.055554777,-0.107391246,-0.2747365,-0.42214158,-0.2670374,-0.16247362,-0.20788535,-0.50031227,0.8293216,-0.6039681,-0.12851276,0.051518247,-0.03674843,-0.53788966,0.031421,0.14101112,0.51806015,0.38739547,0.11695613,-0.15955505,-0.49035805,-0.53466165,-0.12835112,-0.75197494,-0.36256093,0.2760616,0.50600415,0.26562002,-0.39338607,-0.26760682,-0.346447,-0.13217983,-0.1527242,0.21820448,-0.00783799,-0.26932466,0.0035075545,-0.050131947,0.08330525,0.64470893,0.07910413,0.13096273,0.56133467,0.5452858
0.3863645,0.039630868,-0.031734217,-0.19152837,-0.08497969,-0.008942068,0.1079443,0.41834146,-0.42974937,0.1776588,-0.098403335,0.43498737,-0.30141884,-0.28231552,0.099717505,-0.15007913,0.21704464,-0.24358803,0.27798602,0.32094938,0.06705519,0.41586256,0.08897355,0.05995213,0.33328408,-0.17719626,0.029514678,0.055412866,-0.16071537,-0.34276772,0.35643786,-0.13698323,-0.0536274,0.34310645,-0.19925947,-0.41873622,-0.34345105,0.05632162,-0.034913354,0.18316367,-0.31242812,-0.72677165,-0.16292007,-0.23286158,0.15471807,-0.43830585,-0.19697185,0.31398743,-0.14672315,-0.3165661,-0.025401065,0.1458795,-0.24301405,0.10572894,0.043716457,-0.45775807,-0.31231308,-0.13248152,-0.06287576,-0.038151853,0.59265274,-0.9303053,0.11582093,-0.2594865,0.19797283,-0.39913702,-0.06404709,-0.023374878,0.23308828,0.19692722,-0.15269715,-0.013280889,-0.4124088,0.47943223,-0.20412888,-0.61044663,-0.41727862,-0.09251425,-0.19298542,0.37500092,0.14028974,-0.45701402,-0.08860592,-0.35630423,0.032660797,-0.19529316,-0.22201926,-0.28774694,0.31968105,0.25554243,-0.18100396,-0.12675564,-0.31600812,0.5456749,0.27425754,0.17953208,0.05554828,0.19761115,0.60621,-0.7699276,0.028107405,0.017986076,-0.4210892,-0.6648309,-0.35200435,-0.6140223,-0.6497265,-0.30289277,0.02656227,-0.035578493,-0.11322142,0.11330337,-0.14131789,-0.4247626,-0.41516495,0.48001522,0.17523544,0.33657902,0.21590745,-0.29399723,-0.5145345,0.7929836,0.12454841,0.5010228,-0.25658387,-0.48490807,0.29833624,-0.35501713
-0.08659169,0.58589023,-0.4215669,-0.7257644,0.39625847,0.056746036,0.11161941,0.21212122,-0.32695,-0.53620493,-0.15082937,-0.046499953,-0.41778985,-0.1535957,0.33056742,-0.023759693,0.20907041,0.17440599,-0.5169495,-0.7120839,-0.16290262,-0.24904528,0.12679015,-0.10979346,-0.024148896,-0.39963415,0.04894979,0.021432206,-0.08121381,0.0016686022,0.6995764,0.17576472,0.09791519,0.28721392,0.25494874,-0.46267092,-0.0077927075,-0.3948305,-0.26794076,-0.4816616,-0.37572226,-0.91031194,0.09319271,-0.5990007,0.11722708,-0.44057542,-0.05232776,0.029566973,0.013452128,-0.52020216,0.05981569,0.19410655,-0.37514132,0.43511236,0.040240534,0.23691395,0.49320394,-0.06430398,-0.5763427,-0.118779436,0.43832195,-0.7385009,-0.4035787,0.15677013,0.31857675,-0.77668375,0.124848366,-0.24749245,0.13515279,-0.7399487,0.06480886,-0.1269022,-0.259129,-0.34032106,-0.11150494,-0.14242017,-0.07407537,-0.5252828,-0.5354532,0.052465633,-0.17442241,0.6699244,0.5603997,0.1296762,-0.30149975,-0.045054995,0.3648667,-0.60444117,-0.049749926,-0.35658118,0.05920347,0.5263312,-0.07689583,-0.34405965,0.6010155,0.17706314,-0.117261246,-0.09683901,0.082252815,0.026528448,-1.1308515,0.31993306,-0.14325504,-0.4439844,-0.44646317,0.24503794,-0.26094258,-0.5400491,-0.0054770503,0.09087317,0.116410054,-0.013422817,-0.5179639,-0.35216445,-0.3179482,-0.06133285,0.38412112,0.13931398,0.43331146,-0.8752724,-0.18007866,0.38534534,-0.14704111,0.1469231,0.3096174,0.23013014,0.016058065,0.40845263
-0.47014117,-0.37067673,0.070543975,-0.47489673,0.36086312,-0.4584073,-0.13597935,-0.28503376,0.8627168,0.41397303,-0.5275133,-0.68345356,0.036113113,0.1378417,0.030380435,-0.64054036,-0.29923543,0.27777517,0.62498796,0.25590327,-0.73724955,0.09281256,-0.13362099,0.3647236,0.2865694,0.09781957,0.2835195,0.46776372,-0.18861549,-0.40628546,-0.10065772,-0.64356464,0.039996102,-0.035126798,0.16663839,-0.34874547,0.38568705,-0.08460816,0.15117154,-0.303717,-0.028969109,-0.66089416,0.4045316,0.29685304,-0.27925372,-0.46134818,-0.1429098,0.5166489,0.3267862,-0.28125846,0.040770173,0.029347904,0.20761734,0.31344458,0.25990325,-0.3461464,0.55713356,0.44305348,-0.18229152,-0.10105336,-0.6888869,-0.33811405,0.2862086,0.57854235,-0.26402372,-0.30239582,-0.08053818,0.1834199,0.30799356,-0.29230726,0.9773802,-0.2719779,-0.36681402,0.21187878,0.23215172,-0.005536251,0.1763192,-0.02355291,-0.024183383,-0.06508553,0.18702081,0.28502858,0.31075436,-0.17834905,0.42823368,-0.21905753,0.30908537,-0.16435431,-0.5657822,0.19511057,-0.52228856,-0.24086012,0.23279093,-0.30046076,-0.049728237,0.4145822,-0.41062957,0.0076345056,0.10831525,0.58723134,-0.12733305,-0.15027012,0.06281969,-0.17434984,0.041979622,0.6739302,0.7649895,0.33630106,0.3234176,0.07854247,0.38303378,0.03145956,-0.26718718,-0.17351587,0.13095546,0.43956465,-0.7636893,0.228106,0.17252667,-0.6613986,-0.09705995,-0.22453016,0.37396902,-0.3081163,-0.15963449,0.15412354,0.3373756,0.51476896
0.1248689,0.046173014,-0.098952934,-0.8020131,0.2273661,-0.3129505,0.23878486,0.1545745,-0.31764564,-0.23183668,-0.40609157,-0.13484219,-0.03620606,0.1458506,0.010166619,-0.55984944,-0.5658302,-0.12662005,0.5744055,-0.07605043,-0.4940561,0.21821997,0.31269726,0.276505,0.5714659,0.5521515,-0.2175109,0.013428301,0.16247481,-0.22989127,0.43319166,0.14694646,-0.0735642,-0.29536468,-0.11697687,-0.8746173,-0.014033154,-0.035701875,-0.008770195,-0.09472647,-0.3674001,-0.35031575,0.3646833,-0.34259078,0.26040202,0.6656017,0.23024294,-0.08493049,0.2888208,-0.36083406,-0.28841448,0.11388227,-0.5446523,-0.3547096,-0.40464783,0.1381988,0.42475107,-0.025532655,-0.30920783,-0.27471867,0.006579697,-0.6751758,-0.4442413,0.002477169,0.038656905,-0.10646199,0.21419065,0.35517874,-0.12966485,-0.17945744,-0.18656105,0.14013425,-0.17329523,0.072427675,0.15264994,-0.21731235,-0.17124708,-0.33511144,0.23784965,0.64118993,-0.19016472,-0.20872676,0.2862612,-0.40537134,-0.17292567,-0.07327231,0.22772491,-0.62773514,0.24001849,-0.3321867,0.21743517,-0.7905934,-0.3221155,0.23557341,-0.6005421,0.11141916,0.17060539,-0.37557128,0.45758545,0.1534303,0.1053282,-0.67206746,-0.5693469,-0.5919298,-0.26421615,0.15654251,0.29952824,-0.48828837,0.22549982,-0.29591247,0.22749339,-0.04870154,-0.44857866,-0.47326848,-0.08384569,0.23142865,-0.099863425,0.21948504,-0.33746487,-0.70169985,0.34001777,0.82908297,-0.052451372,0.33979952,-0.7597659,0.30958125,-0.33694935,-0.13048205
-0.25136355,0.15727302,-0.65647924,-0.96907485,0.51727533,-0.31960392,-0.060064714,-0.030931074,0.80026007,-0.3773646,0.009387329,-0.24709068,-0.6743589,-0.38383406,-0.13632682,-0.20520389,-0.38940626,0.25811714,0.1721011,0.21297696,-0.30452824,0.3260791,0.3436762,0.2740796,0.5974978,0.49208257,0.43800485,0.49909395,0.022650313,-0.3224197,-0.16699022,-0.04254813,0.1894013,0.081692405,-0.2747417,-0.9651737,0.37575477,0.17055394,-0.03091631,0.10799675,0.14157075,-0.37253362,0.07283546,-0.103194706,-0.38020432,-0.22002979,0.09289843,0.24062371,-0.02654323,0.021089293,-0.39704144,0.29332328,-0.03877432,0.28566486,0.2899698,0.1583367,0.64061505,-0.027670488,-0.19053292,-0.33354768,0.19442408,-0.2921474,-0.6164415,0.45582986,0.063966796,-0.2057668,-0.08729689,-0.057314888,-0.17165889,0.07338713,0.4065004,-0.14661925,-0.017286465,0.21330793,0.20384781,-0.20763554,-0.19811377,0.5394869,0.32552457,0.011556767,-0.15653607,-0.34730622,0.22416362,-0.44270635,0.15462863,-0.49183536,-0.65683043,-0.17502955,-0.40646613,-0.20105357,0.21913393,0.20346896,-0.06289383,0.3935993,0.029296398,0.21988223,-0.48628855,0.7388269,-0.10241401,0.5772105,0.16526875,-0.69436944,-0.20973761,-0.46256766,-0.11638637,0.008572087,0.5691204,-0.29291764,-0.3514584,0.1540777,0.08974487,0.06577032,0.18949883,0.09079528,-0.50114375,-0.38378793,0.53913856,-0.6197518,0.23591703,-0.31411082,-0.19950777,-0.38596153,0.11058444,0.20356947,-0.48004377,-0.38259947,-0.06423201,-0.05037334
0.15116298,0.21821934,-0.5216281,0.11312336,0.06592505,0.3234046,-0.25342196,0.2734627,-0.49155745,-0.67059696,-0.13505387,-0.7268199,-0.0777853,-0.024924112,0.071706824,-0.026631817,-0.1593462,-0.4793499,-0.48366514,-0.15669766,0.14926405,-0.2324401,-0.030761052,0.21218811,-0.39047742,0.28848442,0.26036492,0.23914135,-0.069776185,0.30869105,0.9182247,0.18424992,0.28349826,-0.3906423,0.7018244,-0.34858114,0.379983,-0.08835034,-0.039291136,0.22125919,-0.5272655,-0.6854485,0.28229964,-0.6375104,-0.082069024,-0.23955107,0.06350766,-0.1709789,0.13357627,-0.43836442,0.34768212,0.11213805,-0.028104039,-0.36798638,0.27176887,0.4058736,-0.19655558,-0.3389877,-0.20908223,0.3638322,-0.1116779,-0.39458182,0.035877362,-0.016098324,0.5932817,0.13921896,0.45174044,-0.17873195,0.16508463,0.35288635,0.068351634,-0.68324715,-0.15833308,-0.3752742,0.22511843,-0.45122403,-0.61459976,-0.6748389,-0.0756859,-0.32395798,0.12664236,0.2095121,-0.4118131,0.09428662,-0.08633825,-0.13861021,-0.501155,-0.27215013,0.34090886,0.007485416,0.37115094,-0.62628347,-0.02160273,0.33093554,0.14970332,-0.07832725,0.25406712,-0.25772148,-0.33523524,1.0419168,-0.3557043,-0.5957746,0.21933146,-0.4036183,0.29151434,0.40098158,0.090774074,-0.032941245,-0.81768,0.20616154,-0.14651437,-0.4903377,-0.073223054,-0.35942185,-0.47704968,0.4242474,0.3926372,0.44396126,-0.6581979,-0.14173572,0.07719281,-0.002371192,0.37471792,0.19024585,0.6932819,-0.38993979,-0.32146955,0.001589369
-0.49620503,-0.18232171,-0.18935318,0.69391465,0.212235,-0.4075155,-0.07804218,0.28701627,0.23883967,-0.61812353,0.0032394826,0.34454638,-0.05064395,0.055199534,-0.10555786,0.18779135,0.16690013,-0.28794378,-0.42144918,-0.15879032,-0.43864974,0.47035435,-0.12155243,0.10967286,-0.40207136,0.11446631,0.19084993,-0.14653267,-0.15936753,0.48552585,0.3023626,-0.13495722,-0.47590575,0.22555867,-0.12264471,0.8792579,0.29596645,-0.11123493,0.13449389,-0.17995061,-0.16975069,-0.026925102,0.009801537,0.0102289915,-0.0116033945,0.46992117,0.31203493,0.2731431,0.036805615,0.025830187,0.38520998,0.030998252,-0.2086434,0.05903536,0.26265454,0.077452846,0.18823774,0.11783221,-0.31604278,0.16788898,0.0059797764,0.0043037757,-0.18100786,-0.19137809,0.263599,0.034141716,0.03096294,0.61270005,0.06846294,-0.038335964,-0.25491422,-0.12977171,0.51913476,0.53450656,0.31745774,-0.08954755,0.16167745,-0.2640732,-0.6487134,-0.18541609,0.1947791,-0.086438835,-0.08980626,-0.07195333,0.57437575,0.22978713,0.0940067,0.17445174,-0.42108488,-0.08606152,0.27129322,0.18391976,0.48835814,0.19026074,0.24817373,0.40386605,0.02351138,-0.15760279,0.551783,0.0038066506,0.17446725,0.38110787,-0.65248,0.23450103,0.66240734,-0.047881648,-0.43865937,0.019751698,0.14533159,-0.023610909,0.27071643,-0.2949474,-0.17900169,0.16906603,-0.22998714,0.16868946,0.13617426,-0.099077806,-0.19893098,-0.16668034,-0.47282147,0.26615185,-0.12710917,-0.13683873,0.5007001,0.016948014,-0.3680609,-0.3100789
-0.23389037,0.21201223,-0.002733186,0.7385742,0.46738836,-0.122294165,0.29284152,-0.10292284,-0.00052684546,-0.5443225,0.028521836,0.08867195,-0.46370205,-0.13522099,-0.54082406,0.01766628,0.06412475,0.049795017,0.10135935,-0.014108816,-0.36210874,0.08838654,-0.12346586,-0.2093684,-0.055829655,0.0067415535,0.18697724,0.029605616,0.15206502,0.24092191,-0.08769062,0.44422555,0.13842304,-0.31035885,0.12215773,0.43472818,0.13749744,-0.23627979,-0.11320484,0.11242767,0.09878366,-0.10431807,0.3413142,-0.09345831,-0.18648426,-0.071672715,-0.16333249,0.15205288,-0.05869677,0.044656992,0.2957104,0.10850605,-0.00414896,-0.0833072,0.2226167,0.3421738,0.25023532,0.26065242,-0.1126061,-0.3927971,0.059919342,-0.056995254,0.017141804,-0.03540442,-0.14064665,0.13996948,0.091926344,-0.09458169,0.26572567,-0.036766663,0.15770195,0.20942613,-0.41637313,-0.07995738,-0.13230063,-0.16689426,-0.16985337,0.09720665,-0.46422884,0.414967,-0.16171077,-0.101364896,-0.48413056,-0.11055589,0.36863285,0.026339442,0.046231166,0.07753051,0.2771701,0.026820254,-0.097636186,0.02191608,0.11270306,0.1877806,-0.117820606,0.14687696,-0.5528755,0.32034126,0.271998,0.18674277,0.17570458,-0.23870465,0.061409134,0.24062173,0.38642192,0.14800623,0.18930055,0.11301088,0.0511192,0.04958698,0.033335872,0.00031113625,-0.4842314,-0.14022438,-0.17376687,-0.09057974,0.10369998,-0.33916274,0.3639708,0.25237578,-0.12838802,0.0041875094,-0.13038196,0.08892791,0.29451618,-0.1029351,-0.035490453,-0.007500645
-0.34367704,0.7452595,-1.0161673,0.56386834,0.29874724,-0.06612505,0.1939358,0.5324361,0.03494697,-0.33122408,0.31489938,-0.011424255,-0.19515719,0.24989456,0.027542181,0.1594867,0.2824402,0.4533768,-0.030098677,0.17530602,-0.08228178,-0.114389226,0.068447165,0.18254852,0.36801586,0.3194186,0.1550381,0.045051854,-0.30948427,0.32520914,-0.19827408,0.63052845,0.18594715,0.18886855,-0.12380272,-0.24952185,-0.26528895,0.05799329,0.023903022,-0.2459956,0.13100874,-0.40734667,0.15834841,0.60255045,0.11675033,-0.15351798,0.6197713,0.6652509,-0.3976269,0.10849971,-0.04395743,-0.010766698,0.19216514,-0.19001056,-0.24365763,-0.13694215,0.2789713,0.1669026,-0.20734519,-0.27188233,0.048552707,-0.26783103,0.49438512,0.12987812,0.5812441,-0.26716086,0.3206319,0.37508637,0.5079523,0.29218477,0.23155117,0.16118465,-0.07653748,-0.57757026,0.1804506,-0.46391082,-0.4093982,-0.51564443,0.21738127,-0.12669958,-0.13633254,0.66614807,0.26186758,-0.23454508,-0.15023082,0.22681479,0.5244706,0.34491253,-0.02937968,-0.32762903,-0.24315774,-0.27417165,0.6739392,0.31967205,0.030761138,0.20155227,-0.5710476,0.11086081,-0.07154386,0.21252084,0.52006024,0.3376661,0.18913192,0.13320029,-0.7558048,-0.13932383,-0.12418564,-0.21026689,-0.64644504,-0.06418171,0.51200396,0.19466238,0.24769208,0.23611799,-0.37960213,-0.027228095,-0.05369903,-0.8194139,0.38369992,0.2707082,-0.43605027,-0.3466857,-0.03444641,-0.032874763,0.14618194,-0.042687915,0.52771616,-0.22995198
0.4230215,0.13120094,0.15539366,0.8838075,0.021024942,0.025630727,-0.27078056,0.35388136,0.41614294,-0.04644075,0.14071783,0.28642413,0.31494588,0.23412748,0.002661053,-0.24575575,-0.13214487,-0.3040262,0.04455647,-0.023069026,-0.2583929,-0.21537314,0.2120268,0.2544955,-0.23817532,0.09679415,-0.19547452,-0.086614385,-0.51149666,0.22126389,-0.1402041,0.15138093,-0.19367468,0.17776662,0.24959725,0.62418705,0.08834763,-0.039543226,0.2911592,-0.13597114,0.16141988,0.11623196,-0.27542531,-0.12615788,-0.09473471,-0.1491982,0.62248296,-0.16652334,-0.09938609,0.06922678,0.05379133,0.15536632,0.19802049,0.12509236,0.006409321,0.5184889,0.51893365,-0.060316473,-0.17756408,-0.090705305,-0.29195702,0.26634684,0.12545753,-0.3081444,0.40676793,-0.02087865,-0.5555074,-0.4766281,0.48870146,0.07595274,0.15842898,0.7329206,0.2728234,0.38270754,-0.024956487,0.36939895,-0.10108326,-0.07940805,-0.6381174,0.07881511,0.02649679,-0.18488279,-0.30495638,0.011597697,0.5874561,0.52840745,0.09527518,-0.20335108,0.36993444,-0.2855994,0.024048183,-0.045110285,0.503166,0.30594483,0.08413983,0.19985288,-0.17503405,-0.3870551,-0.06323009,0.45448393,-0.32057506,-0.64965767,-0.49240857,0.03622172,0.23224588,0.0828624,0.14957944,0.40685233,-0.31091845,0.105549976,-0.4401678,-0.3489203,0.008160926,-0.33498728,-0.3377263,0.0057976134,0.49329573,-0.3890891,0.15116563,0.49981162,0.40604997,0.39194405,-0.6200901,0.21018946,0.40461707,-0.2750958,0.0553208,-0.058498345
0.07076042,0.03902323,-0.0054721497,-0.26068062,0.92162764,0.2283063,0.03389564,-0.33590552,0.18376838,0.33689743,-0.33390057,0.0061748587,-0.09319901,0.041925404,-0.12040655,-0.22225893,-0.0029326156,-0.21500984,0.14890872,0.1486286,0.045721166,-0.19364578,-0.14971681,-0.20850226,-0.14879203,0.3118204,-0.14475702,0.054572012,0.2488317,-0.1808385,0.47828448,0.040593993,-0.06888342,0.39784002,0.17629594,-0.07500599,-0.15448833,-0.053351857,0.11159379,-0.06498653,-0.21772304,0.4877786,0.111850426,-0.024600506,0.004839479,-0.102031246,0.05854418,0.28744388,0.12807497,-0.44548613,-0.041584067,-0.4328986,-0.113718145,0.20975798,-0.111157864,-0.18182383,0.28511947,0.05940798,0.24104258,-0.010221038,-0.19824275,0.8492968,-0.15668327,0.36147663,0.2673499,0.20737293,-0.029363498,-0.06017707,0.06719507,-0.4615262,0.05664459,0.07430212,-0.41122591,-0.044204965,-0.04972926,-0.3660192,0.049799807,-0.46664664,0.024643913,-0.07626512,-0.02120214,-0.05848209,0.3460738,0.17524728,0.03902024,-0.011709899,0.07545355,-0.108480714,0.3085722,0.059167467,0.19871949,-0.15367533,-0.07981698,0.5581567,0.1260319,0.22019827,0.19933249,0.18544051,-0.058633205,-0.79001546,0.28220809,0.21691826,0.17405808,-0.16256396,-0.0988898,-0.113506235,0.3162491,0.1708023,0.063135594,-0.046780914,-0.09559879,0.06385607,-0.12893942,-0.14288025,0.16935267,-0.17425804,0.2351272,-0.02960784,-0.030503571,0.26910698,0.18082175,-0.20752683,0.2660788,-0.44209364,0.3974353,0.13040853,-0.060086712,-0.24093911
-0.33892375,-0.3058088,-0.3097068,-0.23018125,0.24236488,0.495094,0.01684374,0.026544705,0.17740959,-0.22282094,-0.40573615,-0.067009896,-0.40824404,0.24257658,0.2543847,0.15759388,0.42831326,0.14946826,0.16285715,0.12102559,-0.1706735,-0.0655154,-0.13626479,0.17814226,-0.09497136,0.41612613,0.0987222,-0.06478664,0.62964886,-0.41046143,0.5295595,-0.25081766,0.350488,-0.15195748,0.53613937,-0.6984261,-0.5180592,0.25381944,0.28033575,-0.13961366,0.3813277,0.13715813,-0.26244372,-0.18243514,0.28937948,-0.32937884,0.24968518,-0.19602977,0.5497966,-0.3023798,0.18764436,0.3805727,0.185496,-0.27229396,0.11099761,0.28150764,-0.099640764,0.25616497,0.84690845,-0.31973362,0.32884508,1.1049435,-0.6667447,0.47689903,-0.21911797,0.48939294,0.086721376,0.03771507,-0.20975806,-0.3510791,-0.106157884,-0.001680851,0.16902503,-0.28110313,-0.5767959,-0.0724635,0.051066466,-0.40538946,-0.4183629,0.08437833,0.26693022,0.1648168,0.18032998,-0.5020545,0.1062015,0.15177001,-0.6005155,-0.25875226,-0.50341874,0.051007375,-0.24132138,-0.002543576,-0.29044902,0.044186756,-0.0020301305,0.17995685,0.42106387,0.4011532,-0.31868544,-0.55410945,0.45096618,-0.4835751,0.3371234,-0.0041569956,-0.4763026,0.42608866,-0.090629146,0.26467317,0.20175602,0.04477626,-0.3654527,-0.21490033,-0.19058935,-0.087033264,0.20233072,0.12995648,-0.28519654,-0.39161792,-0.18099593,-0.094877124,0.19115289,-0.21869951,-0.52188903,-0.41266632,-0.23284948,-0.019740887,0.1657538,-0.09142465
-0.62596405,0.19979908,0.17250475,0.035627276,0.025491387,0.29184347,-0.21437448,0.11945315,-0.011839561,0.102411814,-0.044546444,0.24246955,0.07969849,-0.27452058,0.04378061,0.013027357,-0.22674887,0.6969653,0.0540816,-0.2329987,0.3366349,0.14720331,-0.06440261,0.13813792,-0.17343757,0.8063043,0.17326999,-0.2848416,0.7052759,-0.69315994,0.17045373,0.20954657,-0.22847673,-0.20624322,0.028589174,-0.6143824,-0.4246287,0.04488609,-0.3931031,0.01951737,0.13021293,0.7072011,0.077704646,0.10327615,0.08407004,-0.17621656,-0.0829361,-0.20619562,0.38898954,0.32906276,-0.17668295,0.034000576,-0.036890574,0.011806348,0.2578886,0.21999076,0.4321937,-0.20645835,-0.31149846,-0.040342968,0.38180614,0.7881067,-0.23745956,0.32271022,-0.21299875,0.40509596,0.31855854,-0.4622861,-0.15472642,-0.024030298,0.1509728,-0.2449714,-0.25347924,-0.1363854,-0.14021823,-0.31197298,0.078171775,-0.6073495,0.012068629,-0.4748745,-0.5943078,-0.48926395,-0.45437464,0.1915423,0.099554665,0.36406645,-0.02347418,-0.06394176,0.1332202,0.093766436,0.009246033,0.43091574,-0.34930223,0.09022018,0.10979434,0.651815,-0.29460192,0.447258,-0.32813734,-0.28989446,-0.15231982,-0.14285675,-0.09209293,-0.14204335,0.18014283,-0.30218714,-0.44077334,0.36240184,-0.78925866,-0.4633409,0.23528963,0.14309725,-0.23622584,-0.18184468,-0.2225659,0.06624843,0.58377516,-0.22071713,-0.18772289,0.6856743,0.20615911,0.003240496,0.66623694,-0.42044085,-0.110993095,-0.4001313,0.29201534,-0.20394795
-0.20592126,-0.1936745,-0.36649737,0.26509452,0.08160567,-0.120302975,0.07138395,0.53938043,0.72218096,0.35375708,0.09255743,-0.12563328,0.03091593,-0.40427512,0.2895232,0.2704349,-0.4351343,-0.038770765,0.1334028,0.37895063,-0.31974483,0.23037986,0.4349531,-0.17107223,-0.054180905,-0.484114,0.12759396,0.38360718,0.039418146,0.17535123,0.14466818,0.01526979,-0.3672601,0.7953818,-0.47753906,-0.8317337,0.20620187,0.20373173,0.37202683,-0.02621673,-0.7903481,0.11927503,0.07239506,-0.107456155,-0.40486342,0.33286726,-0.2527568,-0.5791277,0.1873751,-0.5465505,-0.768486,0.32691875,-0.3903134,-0.019136231,0.35346645,0.3073527,-0.6806194,-0.07453526,-0.15255463,0.3450755,0.0966597,0.36809877,-0.313744,0.30568075,0.38310844,-0.48234153,-0.13418972,0.032053184,-0.55118126,0.043201223,-0.2261603,-0.47343758,-0.056944095,0.6487829,0.28767696,0.51132476,-0.08563371,0.010111004,0.072023265,-0.3721007,0.26850945,0.13683522,-0.09861957,0.7162957,0.39789796,-0.4905792,0.2914419,0.06896033,0.5472843,-0.05052566,-0.024826275,0.7514791,0.046236586,-0.22787267,0.18332148,0.05367212,0.32046753,0.20563798,-0.15194115,-0.56016606,0.44795713,0.23991673,0.75563747,0.12475793,-0.162036,-0.34777293,-1.0887167,0.32885933,0.09280079,0.9484599,0.24672619,-0.30119663,-0.0346148,-0.19918178,-0.09983556,-0.71924627,-0.3904995,0.22937056,0.68038887,0.3381969,-0.15790486,-0.23126885,0.03523023,-0.14777106,-0.2789691,-0.06588888,-0.2878867,-0.12750679
-0.10371139,-0.0043946803,-0.027880833,-0.09371859,0.3245997,0.0007030666,-0.01574786,0.06652929,-0.13470533,0.48543814,0.061046004,-0.06778109,0.035093486,0.45647871,0.12182231,0.23396784,0.66546947,-0.14725322,0.17113018,0.16645974,-0.08447118,0.018540092,-0.1211681,-0.36538404,-0.35167548,0.053859025,0.10444607,-0.09236301,0.17860144,-0.058267117,0.23253033,0.3975484,-0.18801428,0.31731355,-0.2635093,-0.72920436,0.05604382,0.35347643,0.26545826,0.09770401,-0.07203191,0.54645145,-0.5040826,-0.03199438,0.0904366,0.37017477,0.052291483,0.36083853,0.11190911,-0.07938798,0.16970593,-0.060833532,0.2604533,-0.14546809,-0.1491343,0.2570095,-0.075172104,0.24878806,-0.13570914,-0.13377388,-0.19982123,0.64577377,0.10103576,0.22834866,-0.13036081,-0.15733919,0.26934382,0.09117157,0.057193957,0.090787865,-0.6043415,0.11093152,-0.025557272,-0.05924008,0.14908788,0.2047118,0.14076447,-0.3745604,0.04779136,-0.30537996,-0.3717573,-0.111615285,-0.17560285,0.09187387,0.076117985,-0.579052,0.029925462,0.11251812,0.27598208,0.023435483,-0.6759817,0.16074334,-0.22781831,0.08882962,-0.032622352,0.025143288,0.36959597,0.23478186,-0.5379528,-0.15460253,-0.40736645,0.3144133,-0.24272162,-0.38932952,-0.54367685,-0.26588523,0.18145745,-0.041667774,-0.47225764,0.37986946,-0.26962596,-0.2725653,0.27403516,0.17709726,0.41471207,-0.46728495,0.3212132,-0.35601187,-0.51017755,0.39784238,0.29894894,-0.37784252,-0.23893124,-0.6177635,-0.030361984,-0.24568978,-0.24671587,-0.2906425
0.20194556,-0.06942692,0.036733367,-0.5420986,0.66995263,0.23634551,-0.21343204,-0.20679566,0.0394999,0.29163796,0.2611852,-0.13324443,0.2402953,0.03288374,0.47800857,0.08484883,0.4971903,-0.15694775,-0.029018529,0.120571196,0.12335348,0.07523382,-0.06172932,-0.35290283,-0.2877095,-0.31228653,0.071240485,-0.33625636,0.08814169,-0.38837886,0.018781126,0.24882086,0.027508643,-0.42169893,0.18678294,-0.6859175,-0.15736824,0.20327151,0.2819767,-0.07294081,-0.19530351,0.4084602,-0.1656692,-0.07120501,0.014462702,-0.022834644,0.053720772,-0.20897055,0.10326271,-0.1580886,-0.17212972,0.0075525045,-0.13127021,-0.23863801,0.03352009,-0.2063764,-0.3285011,0.13207866,-0.09586581,0.11569128,0.013357103,0.35681722,-0.11527856,0.02768369,-0.34197277,0.38073504,-0.0010229573,-0.095873035,-0.004165472,0.534696,-0.23049921,0.03571546,-0.07655146,-0.35776854,0.18350658,-0.122337714,0.20966852,0.3752912,0.14405236,-0.34423068,0.3897742,0.016089171,-0.36204204,0.05568376,-0.03830366,0.15359992,0.04677498,0.21297985,0.34744895,0.30610836,-0.031484216,-0.30369753,0.2012035,-0.10426525,-0.20205605,0.06303893,-0.07215679,0.23482649,-0.033140615,-0.14802693,0.22137381,-0.033717025,-0.30831137,-0.37466714,-0.07794398,-0.33135456,-0.215577,0.25152308,-0.24287719,0.5396662,-0.04683382,-0.056596,-0.11267634,-0.15136483,-0.10838254,-0.39342955,-0.24255654,-0.38493747,0.03773693,0.15460974,0.1384917,-0.7129331,-0.22473995,-0.45124066,0.036752254,-0.5293492,-0.25659293,-0.26478833
-0.31682268,-0.09935591,-0.1838188,-0.5053681,-0.42186677,0.071332365,-0.38857138,0.0017326623,0.013801014,-0.29081595,-0.11822578,-0.17376055,0.5015464,-0.26557952,-0.3494161,0.13960281,0.06742867,0.309069,0.17212349,0.34673452,-0.24272774,-0.08966026,0.25657234,0.1651558,0.34602398,0.051486813,-0.24927771,-0.1052956,-0.0091392845,0.16335264,-0.44659975,-0.065591566,-0.43582404,0.47251314,0.1872265,-0.83198524,0.34861827,-0.14500186,0.093467176,-0.36706173,-0.10323694,-0.4652784,0.5848129,0.01073806,-0.24627185,0.13318004,-0.3312858,-0.15980634,-0.46072745,0.18307802,0.60178393,0.38686717,0.13611309,-0.14080286,-0.2476395,0.0026152078,0.03372922,-0.05329284,0.4041196,-0.39126858,-0.10483487,0.22750905,0.67071086,-0.32351458,0.46604863,-0.19431698,0.0013281461,0.53443074,0.23186101,0.86743206,-0.40177304,-0.30393878,0.20178363,0.41824728,0.61657,0.84407246,-0.7103312,0.65834576,0.18537723,0.3493786,0.5419663,0.41916156,0.046341985,-0.015388276,0.52729607,-0.2485079,-0.07728559,0.13991226,-0.22885865,0.07445455,0.23608267,-0.0054481514,-0.2626872,-0.40016514,-0.45641324,0.13239898,-0.77651405,0.23492745,0.33186755,0.3394917,-0.39106143,-0.17898338,0.15269035,0.5234233,0.100408316,0.009857789,-0.20931464,0.41422254,-0.007364124,-0.2014842,-0.2252684,-0.31181338,0.12642656,-0.36060822,0.005850315,-0.23469546,0.1351514,-0.2988613,-0.24302292,-0.31901982,-0.2649383,0.101526424,-0.49764353,-0.7323433,0.24270049,0.05018781,0.072220966,0.26109698
-0.16931218,0.46017995,0.34116858,-1.0032794,0.70830536,0.15785445,0.054629028,0.20004684,-0.22912884,0.22272274,-0.07419178,0.1268206,0.24235901,-0.47960842,0.11860794,0.1625359,-0.1889842,-0.47569647,0.14044347,-0.043723345,0.45021522,0.101044595,-0.1261193,0.038841337,0.34623468,-0.5337453,-0.42479235,0.24876314,0.018801637,-0.07612995,0.2428139,0.1770414,0.17237478,0.33980978,-0.33019215,-0.34709936,-0.03661434,-0.13707663,-0.25532877,0.08051383,-0.28104582,0.44033328,-0.06028758,-0.29276434,0.40925336,-0.07400724,-0.51500946,0.18472394,-0.46341813,0.10665372,-0.24198012,0.06567962,-0.13436536,-0.22353739,-0.68963933,-0.15585008,-0.023399606,-0.49567923,-0.7002149,0.12566747,0.02780283,0.026308864,-0.3045802,0.22790465,-0.61831117,0.12878737,-0.034477774,-0.097991064,0.273031,-0.075370744,-0.20827392,-0.18754436,-0.54207116,-0.0029719025,0.09554773,-0.10799176,0.082191505,0.44140917,-0.09661332,0.38535565,0.09140585,-0.24229957,-0.23869152,0.42040026,-0.06880272,0.4374047,0.31500798,0.01395151,0.24207383,-0.20350969,-0.25438362,0.23762645,0.31246686,-0.27865273,-0.092054024,-0.03830901,0.025475651,-0.2332221,0.17066497,0.097427614,-0.06074371,-0.50232875,0.17519273,-0.57381225,-0.3279888,-0.32090205,0.016743757,0.13475794,-0.33367562,0.109500155,-0.32560387,0.0127720935,0.278833,-0.29767257,-0.07420382,-0.8545347,0.30317333,0.34092104,-0.2758622,0.1776436,0.38968712,-0.23388475,0.12594578,-0.37545413,0.47320232,-0.34306544,0.21445921,-0.18454918
0.31182003,-0.12744763,0.119453445,-0.6145679,0.72039366,0.106024265,-0.12058072,0.03936459,-0.46212342,0.26740018,0.3303054,0.074740514,-0.48977035,0.68175256,0.12967667,-0.31967255,0.383725,0.20929317,0.35534775,-0.10530867,0.19149216,0.57941115,-0.24385661,0.24441922,-0.02704402,-0.5189129,0.099926494,0.21275471,-1.109087,0.8005942,-0.30468306,-0.45250794,0.07274553,0.15238515,0.29534185,-0.56237304,-0.07133494,-0.028192831,0.028047718,-0.2666213,0.10167761,0.008552823,-0.2837943,-0.20924738,0.20067687,-1.0898026,0.21033698,-0.3387155,0.22918901,0.23889902,0.5710112,0.22671787,-0.038047656,0.2862852,-0.30437946,0.36655354,0.11275965,0.5176705,-0.15578572,-0.89113873,0.084294945,0.00079241395,0.1819246,0.01839575,-0.6821398,-0.043582745,0.58926946,0.13373686,0.31654468,0.9379919,0.17159313,0.87008417,-0.022415787,0.11745882,0.23985714,0.009841114,-0.23431805,0.28301746,-0.056589827,0.19212504,0.5940208,0.30791426,0.028161794,0.5394826,0.35262042,0.15241268,-0.36282903,-0.29193312,-0.046592876,-0.014242083,-0.41083616,0.45667002,-0.7988273,0.14238077,-0.54322946,-0.30007052,0.030448526,0.1344316,-0.2584136,0.14464742,-0.058678806,0.23715743,0.30140683,-0.58590126,0.4841697,-1.0670272,0.38667244,0.111056134,0.19002204,-0.33226272,-0.2756974,0.10445961,0.3038568,0.37181532,-0.38911438,-0.8629439,-0.29969865,0.12288232,-0.78501445,-0.5595772,0.4873149,0.15397829,0.4111222,-0.015558481,0.64239293,0.25537062,0.1829671,0.28045934
0.018988714,-0.23058766,0.2697469,-0.7312424,0.8537315,0.20258087,-0.27233142,-0.32936993,-0.016648859,0.48171455,0.18488812,-0.043680564,0.1713492,0.11508149,-0.41681278,-0.23813003,0.2111237,-0.19243899,-0.20271276,0.1951927,0.034321588,-0.06649345,-0.1349046,-0.28009942,0.19848242,-0.15954211,0.33178335,-0.14434509,-0.1070346,0.16821907,-0.046545997,0.13576984,-0.24373475,-0.2137136,0.29413548,0.2206159,-0.18059832,0.5397604,-0.48947984,-0.080723636,0.2004307,-0.3926932,-0.18575272,0.15231349,-0.0415268,-0.1938842,-0.23583227,-0.19730441,-0.1045042,-0.17589016,-0.05556094,-0.025411367,-0.19939828,-0.39540234,-0.038091905,0.30425376,-0.2840203,-0.07629433,-0.15012491,-0.32086456,-0.37141272,-0.18431082,0.34373447,0.11354301,-0.032090105,0.3649677,-0.041319497,0.10143623,-0.03408761,0.4734242,-0.055673257,-0.4445594,-0.35877606,0.045356125,0.13258216,-0.21501604,-0.51344883,0.21770641,-0.06795788,0.25273794,0.15724769,-0.13779275,0.44221938,0.1492331,-0.44155982,0.24418429,0.27058238,-0.037233546,0.14349325,-0.022343695,0.25025082,0.050030727,0.060358167,0.14305265,-0.10636801,0.10732316,0.079478905,0.0235226,-0.2592861,0.030185875,0.30702966,-0.033064336,-0.20413214,-0.25813854,-0.35774165,-0.0913652,-0.103741616,0.11853272,-0.30088905,-0.19643661,-0.25549555,0.10085929,-0.1516075,-0.15746665,-0.4516025,0.114222795,0.09057143,0.20774652,-0.19327079,-0.07578802,0.2902435,0.069327116,0.0322594,-0.156848,0.3142361,-0.16801652,-0.26646796,-0.026536845
-0.21898593,0.1715682,-0.24509028,-0.08252007,0.9362756,0.0072433352,-0.18572974,-0.042165533,-0.1479933,0.19309488,0.100949176,0.13227338,0.10840922,-0.3877532,-0.1500747,0.6227214,0.17915092,0.18886179,-0.14355965,0.6370813,0.029387973,0.46372047,0.19015072,-0.15909506,0.15810306,-0.3913326,0.06686169,-0.0039348677,-0.23222923,0.05247186,0.05047167,-0.005649466,0.44153452,-0.15669706,0.20014256,0.3540139,-0.30487603,-0.25180176,0.2289394,-0.23106107,-0.05362394,0.22524837,-0.498851,-0.24697614,0.120092,-0.29328528,0.25713348,0.009905793,0.36839253,-0.507557,-0.07902755,0.06327436,0.22149278,0.34031412,-0.21578456,0.23740484,-0.020897884,0.11129628,-0.52820396,0.0042007007,0.1092134,-0.0670239,0.6537472,-0.2505682,-0.241364,0.12968475,0.14375477,-0.117851496,-0.46615478,-0.4302813,0.1864042,0.30758107,-0.020433545,0.030497625,-0.04594758,-0.15353827,-0.105128944,-0.05058336,-0.19688031,0.093622595,0.19913419,-0.30142522,0.15099822,-0.085499264,-0.15184687,0.3170226,0.08738318,0.04754088,0.11057122,0.08677319,0.12859747,0.48031133,0.18797004,0.0132943615,0.45174593,0.15584028,0.3363359,-0.13304019,0.06934948,-0.17797956,-0.20957357,0.23472892,0.20527059,-0.38019383,-0.18518005,0.40438914,-0.2700304,-0.54976577,-0.044190504,-0.40326938,0.11061189,0.03820363,0.36525446,-0.06975199,-0.027602822,0.12986259,-0.44181615,0.32875943,0.39927438,-0.16178581,0.00027223304,-0.5299559,0.49488837,-0.39153454,0.48413566,-0.12518571,-0.19194993,0.10969214
0.060015596,-0.21835324,-0.13254943,-0.03669039,1.1416153,0.25381514,-0.116337866,0.243678,-0.016536241,-0.109041296,0.26426613,-0.16298816,0.27998886,-0.010470503,-0.0155003965,-0.54508024,0.16289535,0.23450404,0.20846036,0.27097017,0.059095666,0.5272023,-0.37234908,-0.14920747,-0.13017572,-0.24171549,0.15935017,-0.14514345,-0.14865343,-0.08175707,0.2934484,-0.052986722,-0.040342487,0.2968058,-0.0029749423,0.5921388,-0.08479366,-0.3770966,-0.2196039,-0.269317,0.0151602365,0.14949203,-0.000988692,0.2004689,-0.20767757,-0.08845699,0.41638416,0.1479482,-0.24632746,-0.4467466,0.083964996,0.23479651,-0.09142417,0.14952023,-0.3572909,-0.10687439,0.2894107,0.3874915,-0.747031,0.015876181,-0.17573038,-0.02975317,0.078689426,-0.0840308,-0.32013088,0.15995534,-0.28537065,0.14061771,0.14768618,-0.08024505,-0.049447436,0.10007624,-0.22673172,-0.21033686,-0.17295529,-0.091888234,-0.021239458,-0.3769048,-0.18902346,-0.26354668,-0.056681722,0.17060806,0.41456574,0.6158456,0.11596741,-0.052756257,0.42759824,-0.0077650547,0.110748306,0.18337911,-0.05953926,-0.24529551,0.04163122,0.3119845,0.12496646,-0.11043558,0.11276442,-0.014247018,-0.35242513,-0.09214133,0.11084064,-0.25474513,0.4666761,-0.107814394,0.063401625,-0.104439236,0.14216541,0.19624785,-0.22040337,-0.048598416,-0.11406859,-0.055878222,0.21870603,0.13017443,0.020894326,0.1172949,-0.006707132,0.49174112,0.007683942,-0.087654985,-0.13495812,-0.10529431,-0.17278133,-0.5016048,0.7546226,-0.035835445,-0.26807016,0.070682414
-0.09658256,-0.1042295,0.177405,-0.11677305,0.54631364,0.17068765,0.03402578,-0.07910128,-0.10015483,0.12997212,-0.116686635,-0.039140806,0.062377203,0.045859918,-0.08814682,0.018165603,0.9352462,-0.118436456,-0.2706959,-0.532045,0.06947561,0.1329247,-0.28614816,0.3526832,0.19994272,-0.2778391,-0.02990638,0.09413923,0.21351726,0.039417047,-0.12829189,-0.28608328,-0.22153807,0.6858382,0.017446995,0.5047748,0.07661839,0.2683055,0.30842227,-0.4170394,-0.061383065,0.13771465,-0.39329603,-0.67539954,0.32252905,0.014896247,-0.18985125,0.5514338,0.6650548,0.26459,0.4167011,0.25504977,-0.20929332,0.18557087,0.09508428,-0.19936797,0.61975,-0.0042008758,-0.039944954,-0.31479496,-0.07228483,0.27277628,0.49257112,0.058357097,-0.2558347,0.11538037,-0.16302928,-0.14738075,0.033192728,0.21741901,-0.054798923,-0.51056945,0.18848914,-0.33421192,0.21439256,0.32589793,-0.39663535,0.0810872,-0.13806728,0.32189414,0.33923873,0.17910261,0.3672577,-0.16235174,0.33401403,-0.55463725,0.019001368,0.5888429,0.21980225,-0.109704636,-0.7345292,-0.0300014,-0.26777565,0.33658516,0.32511768,-0.13798383,-0.02863093,0.2993413,-0.93433,-0.007437408,0.6790201,-0.33466715,-0.003165098,-0.2947594,0.08254977,0.6376832,-0.27874917,0.1146443,-0.18351418,0.28947,-0.09582272,-0.25279087,-0.42804974,0.37768155,0.570073,-0.43841416,-0.527201,0.19240211,0.087038204,-0.3003565,-0.44861114,0.18169594,-0.07303782,-0.111755915,0.015925318,-0.33805072,0.33361316,0.19259238
0.0128983185,0.1380499,-0.13516234,-0.16381769,-0.34315395,0.056140125,-0.07280159,-0.48855707,-0.27206755,-0.37762135,0.35112885,-0.20120098,0.23399594,-0.43189895,0.5676867,-0.4220932,0.5626875,0.09257399,-0.48806182,-0.39379415,0.29672998,-0.22442362,0.29466873,-0.213665,-0.023467537,0.223462,-0.6888819,0.17051189,-0.10613324,-0.12422292,-0.40435117,0.50986254,-0.22326249,0.4828725,0.33259875,-0.98402286,0.31175044,0.03521745,0.05923512,-0.022950351,-0.3638317,-0.5481568,0.27350694,-0.17210013,0.17895743,0.13685401,-0.16921285,-0.15496236,-0.43693545,0.021996737,0.49372998,0.006226197,0.36549813,-0.03003,0.27076933,0.1501244,0.13829343,0.52563506,-0.04222606,-0.10858056,0.1305551,0.20124406,0.3462583,0.3896637,0.035002694,-0.31156558,0.25852507,-0.15513685,0.35255578,0.3108315,0.4909059,-0.20706317,-0.15048474,0.09670474,-0.37059063,0.46370196,0.03095796,0.61507714,-0.43995276,0.4074996,0.04010839,0.28711697,-0.24718644,0.17700529,0.24227759,-0.003778413,0.77752244,-0.2137449,-0.1348479,-0.08830537,-0.28709355,0.48314443,0.29010287,-0.5044097,-0.7962292,0.44966552,0.004181534,-0.16287073,0.43815562,0.7453408,-0.3494678,-0.58040714,-0.1348269,0.08277351,0.35155305,0.06789921,0.110311136,0.54135215,-0.8127458,-0.35406092,-0.38961098,-0.15748484,-0.29289764,-0.44017982,-0.37027824,-0.18254766,0.000556428,0.11341603,0.30565506,0.038088158,-0.50270605,0.11716303,0.25040266,-0.55756736,-0.077584095,0.3172465,0.44087946,-0.39787614
0.041963246,-0.28597334,0.17690505,0.23993458,0.040772736,0.660618,-0.018109627,-0.07023604,-0.23109141,-0.04063613,0.33513066,-0.17240646,-0.24797133,-0.19643256,0.29478946,0.14356552,0.12272392,0.31682596,0.1500113,0.3839662,-0.14179513,0.13526592,-0.025684148,0.3386408,-0.037652478,0.12909283,-0.034940332,0.214201,0.41541916,0.5177815,0.22738646,0.15024522,-0.15354782,0.065505974,0.5869294,0.70671856,0.47231477,-0.03407444,-0.00022694282,0.1036454,-0.020420738,0.21615747,0.6681813,0.17581224,-0.43338582,0.3042956,-0.16330244,0.08454915,-0.4170569,-0.19454335,0.25796992,0.024692541,-0.34495822,0.29933646,-0.30961683,-0.024390599,0.01134941,0.66073734,-0.62500817,-0.13369933,-0.3967746,0.12711355,-0.046187207,0.3803157,-0.17301208,0.12468828,0.18411094,-0.20363997,-0.06322031,-0.055032708,-0.16717844,0.061667327,-0.005045511,0.13281396,-0.17381747,-0.05065278,0.40226334,-0.31076372,-0.3215291,-0.5676252,-0.09851767,0.31021702,-0.11286552,-0.17043976,-0.0058873445,-0.33538678,-0.41514486,0.22892362,0.6644509,-0.24047346,-0.37477523,0.14757931,-0.0014278144,0.016121574,-0.077664524,-0.3231469,-0.23770864,-0.16752145,-0.56681895,0.04521188,-0.1752213,0.1951402,0.11592518,0.2601173,0.2033241,-0.083378315,0.2470268,-0.26252043,0.49124238,-0.08428003,0.0662945,-9.2826784e-05,-0.34585303,0.12716384,0.046913408,-0.1347124,0.4785923,0.15090439,-0.059964314,-0.58011276,0.1755147,0.6750456,0.54210097,0.014090922,0.3926977,0.4337798,0.74122065,0.07703492
0.15456942,-0.35522133,-0.23400292,0.65239227,-0.033096045,-0.2370689,-0.21390592,-0.072735965,0.15617742,-0.49724698,-0.18467796,-0.32480317,-0.1018471,0.106579125,0.019303322,-0.1770193,0.002326116,0.32443625,-0.44670498,-0.11638297,0.16978475,0.57099843,-0.17613485,0.0011155577,-0.5444279,-0.08990468,0.13795635,0.4091513,0.092139244,-0.32393998,0.00337255,0.17309995,-0.028101912,0.14585157,-0.07614363,1.155325,0.09665506,-0.28336933,-0.1826374,-0.4147933,-0.40308505,0.11274257,-0.2809146,0.20500304,-0.13913526,0.3268941,-0.1409798,0.0426181,0.15388955,0.113055155,-0.26211402,-0.08518207,-0.11941975,-0.14486358,0.2316657,-0.16519688,0.04897724,0.22787148,-0.09620511,-0.19835918,0.15981159,0.3341693,-0.15497586,0.00742656,0.036588173,-0.096449,-0.09134397,-0.039323553,-0.031904057,0.08111268,-0.23407659,0.18227316,0.42550218,0.11664641,-0.07133068,-0.12726729,-0.36731443,-0.54617083,-0.18818489,-0.2347317,-0.4179371,0.054479595,0.1888604,0.21409285,0.21955168,-0.1400701,0.37130445,0.015905209,0.27474692,-0.028340124,0.15970688,-0.30158943,-0.17674822,-0.8353397,-0.13275166,0.06338362,-0.4759301,-0.030317206,0.099555776,0.14529513,-0.15063912,-0.37146682,-0.27921304,0.4069382,0.31881782,-0.24615625,-0.030855,0.4344434,-0.40347588,-0.41059563,0.23973997,-0.15894708,-0.05483132,-0.4146192,-0.2341033,0.2139603,-0.09525478,-0.2551025,-0.007363124,0.421168,-0.6579269,0.28423977,-0.28255123,0.32738522,0.095475495,-0.2579527,-0.00032933056,-0.31352243
-0.8912121,-0.301212,-0.26937464,0.72195446,0.52669454,-0.40823263,0.2589726,-0.0482722,-0.098621875,0.11739832,0.2982638,0.10354919,-0.110432744,0.1951353,-0.17119922,0.07003187,-0.09243095,0.47306812,0.10455411,-0.3772477,-0.010461275,-0.5153107,0.16825323,0.4892874,-0.29811034,-0.2811316,-0.35075098,-0.08692536,-0.28787872,0.04344991,-0.35268855,0.46955565,0.47699708,0.2626197,-0.33285043,0.4451905,0.1025029,0.375313,-0.26408353,0.39376783,0.20785624,0.18369594,0.20195082,-0.112367146,-0.20796442,-0.009185538,-0.016435854,0.016358696,-0.22322696,0.005577326,-0.02352829,-0.023739744,0.14408258,-0.30455828,0.24361503,0.20374092,-0.30840585,1.0042783,-0.0012192577,-0.057371065,0.16358885,0.28116697,0.2251055,-0.16486914,0.048480853,0.14711608,0.13264357,0.6054381,-0.28563035,0.17877927,0.8900598,0.21293361,0.34100688,0.47013897,0.31303725,0.4976225,0.4680293,-0.019318406,-0.15839298,-0.46539852,0.14738283,-0.07076853,-0.27747643,-0.18925428,0.011031389,0.3233356,0.28708994,0.40326208,0.41095,-0.02632,-0.7082876,-0.22779486,0.3587306,0.5530122,-0.015457735,0.22329766,-0.59766084,0.192,0.36902884,0.28705794,-0.015273988,-0.5016394,0.305596,-0.3546575,-0.31141305,0.05742157,0.42958832,0.10718605,-0.1864419,0.17635202,0.31343406,0.51681536,-0.45566624,0.15814066,0.26618457,0.30255997,0.21200508,-0.20445314,0.60424674,0.20199648,0.18239018,0.06501139,0.74068075,0.2532621,-0.14937358,-0.07259323,0.33346778,0.053569227
-0.45883065,0.16481245,0.38428155,0.39291978,0.10628669,0.28889,-0.53995395,-0.60783577,0.15318653,0.024920452,-0.26945537,-0.0047869645,-0.051062923,0.22572805,0.08510622,0.045849822,-0.7594318,0.5012231,0.098975465,0.45709935,-0.10662234,0.1505468,0.35674238,0.007909685,0.08948791,-0.076599166,-0.012939684,0.38689855,0.33933398,-0.05904542,0.033342004,-0.09993474,0.1334603,0.023609422,0.83632094,0.3350255,-0.27264848,-0.010433665,-1.030367,-0.15574464,0.7297359,-0.71087,-0.114790455,0.34636834,-0.26690018,0.124091774,-0.3897124,-0.011443704,-0.5449928,-0.040214796,-0.3312677,0.6241107,0.3278924,0.22642416,-0.40019417,0.055561304,0.35742155,-0.1280461,0.29343265,0.40181032,-0.050941225,0.32158297,0.3998142,-0.24638303,-0.18605754,0.5348599,0.34599864,-0.09472279,-0.1947508,-0.0130989365,0.19492105,0.118421614,-0.45049405,-0.42271963,-0.4797088,-0.19209394,0.083640404,0.1869053,-0.4937154,-0.08737783,0.11407695,0.066762395,0.27010787,-0.41431355,-0.34240845,0.359702,0.31608862,0.4367128,0.41704336,-0.32462525,0.08756946,-0.11886557,-0.59789145,0.4287781,0.09649636,0.074681684,-0.6283448,0.62603676,0.016619248,0.12007032,-0.0048462898,-0.0006808266,-0.3112527,0.2743996,0.66942763,-0.16339757,-0.39740172,0.095040426,-0.5334304,0.99045604,-0.20427597,-0.1946829,-0.43057483,0.24348493,-0.09106068,-0.41833776,0.421,-0.11194837,0.01930207,-0.24434853,0.2409226,0.25223148,-0.3012785,0.40112418,0.6101382,0.7466999,0.3459779,0.19803692
-0.2533935,-0.35483083,-0.19134761,0.21390724,0.60183597,0.121757254,0.18749762,-0.063691966,0.50159055,-0.34459078,-0.22615984,0.063489646,0.7722614,-0.2649293,-0.4600348,0.41791916,0.089520045,-0.08737308,0.08569872,0.42859894,-0.0619745,-0.24104294,0.28970313,0.61736894,-0.28259677,-0.44026065,-0.3791947,0.6560777,0.751407,0.60752887,0.046469122,0.6552489,-0.12569267,-0.6795895,0.38707498,0.18420193,-0.14735235,-0.5394502,-0.3121718,-0.6455604,-0.45875382,-0.32130775,0.85527694,-0.36039925,0.20051964,0.6815175,-0.33044317,-0.41775775,-0.25343263,-0.29761034,0.6481994,-0.318549,0.76778114,0.20750538,0.25756133,-0.03702788,-0.04383398,-0.15659943,0.10224588,0.23753692,0.41932067,-0.18097521,0.2866518,0.53144306,-0.65536076,-0.43909293,0.22559667,0.42267182,0.2710675,-0.007557635,-0.15886813,-0.050017715,-1.276212,0.22962475,-0.44142258,-0.48047653,-0.6924113,-0.09778436,0.062318265,-0.88037837,-0.22179873,0.019089147,-0.0740907,0.06857607,0.09439215,-0.10717553,0.53124285,-0.2101798,0.43813986,-0.10756622,-0.5970099,0.19376749,-0.48068762,0.18620005,-0.021868492,0.86120945,0.51540434,-0.005256936,0.5881802,0.16942511,0.64941037,-0.3892484,-0.20019639,0.16977498,0.7731858,-0.08723295,-0.008186666,-0.45220298,-0.8257201,0.19918782,0.03145051,0.18942304,-0.82534885,-0.49031138,-0.12722933,-0.28325784,0.7111691,1.0255508,-1.2433248,-0.35428017,-0.16260895,0.83045685,0.390954,0.7969533,0.36197633,-0.14301118,0.5349746,0.9318223
0.29577023,-0.67129683,-0.10454352,0.65610087,0.739479,0.0034067333,0.13650125,0.64888054,-0.8646523,0.7648597,0.7488785,0.09771225,-0.045647196,-0.5732082,0.17625445,-0.15357956,-0.28199226,0.21038093,-0.028196052,0.19752827,-0.21546477,0.123320535,0.06676771,-0.066617385,0.19094226,-0.3254453,0.23642385,0.23004623,0.027997214,0.3553587,0.16573605,0.15360789,-0.34487635,-0.19719888,0.12718345,0.59815574,0.21377558,0.17078337,-0.16062526,0.60942346,0.21372552,-0.5362135,0.464602,-0.7074334,-0.28374982,0.11985612,0.12891604,-0.016076826,-0.080887586,-0.18537007,-0.5814537,0.2852285,0.33940178,0.1786331,0.3558768,-0.058632597,0.57084805,0.3511852,-0.14320551,0.14116402,-0.3241103,-0.20137008,0.039297923,0.44273943,0.35716033,-0.059308562,0.050080016,-0.085312285,-0.43575773,0.09863339,0.42500204,0.08764665,-0.2822733,-0.32486323,-0.70286584,-0.36776555,-0.21246414,-0.17445931,-0.07822096,0.12447736,0.20329481,0.35452363,0.034403518,-0.32944658,0.6806994,-0.05974844,-0.4097974,0.43043855,-0.044123262,0.105628565,-0.35157576,0.066691965,0.5895611,-0.251836,0.36966598,-0.008884244,-0.1144592,0.44091716,0.23290606,0.24606436,-0.017166615,0.5587627,0.65854514,-0.18587351,0.31495768,-0.16999908,-0.48130843,-0.10645256,-0.1597693,-0.20053762,-0.65044284,0.026999667,-0.1561895,0.20672584,-0.7397759,-0.26389208,0.24010774,-0.24727401,-0.048727147,0.006432995,-0.018119648,0.06965522,0.07551719,-0.12815112,0.5168979,-0.12373468,-0.23121297,0.29407653
-0.4351384,-0.2584167,-0.24331716,0.53830993,0.57056195,-0.28074843,0.534119,0.10966929,-0.18953198,0.34721494,0.11651085,0.5231599,0.24270336,0.16558151,-0.5516346,0.09327708,-0.9626117,-0.31657395,0.24315208,0.7648925,0.23324475,-0.32208517,-0.07138382,-0.20641589,-0.4724359,-0.10287739,0.22003141,0.5691373,0.2179259,0.32332057,-0.29133388,0.26511115,0.21749467,-0.110120736,-0.26417845,-0.0047384948,0.31638578,0.3711596,0.25852302,-0.014005646,0.23498541,0.032786027,-0.08252756,-0.03323289,-0.15637942,0.3574295,-0.3599293,0.08144447,-0.55781907,0.53217095,-0.30502743,0.02036354,0.017695755,-0.14687176,0.5249549,0.19117111,-0.07828524,0.34714258,0.34072408,-0.22394359,-0.0021503735,-0.16220896,0.038773164,0.15348393,0.08444013,-0.2222045,-0.2852749,-0.10596446,-0.105627485,-0.38434553,0.38559908,0.09123181,-0.27666318,-0.18371506,-0.50984037,0.24452442,-0.062021654,-0.11222032,-0.3164417,-0.5069895,0.37490878,-0.2372755,-0.5127619,0.5045571,0.2436697,-0.03380114,0.119319215,0.03075575,-0.1288693,0.12782542,0.110277995,-0.32591233,0.008797612,-0.09612666,0.24010073,0.72644234,-0.5552219,0.47574106,0.14095087,0.7206924,-0.035560817,-0.2541176,0.26535812,0.33016682,0.40347317,0.61886424,0.4344303,0.014877059,-0.7700986,0.08880839,0.01509646,-0.23360193,-0.24768612,0.26320654,0.08532875,-0.52084637,-0.099311136,-0.118685804,0.023372985,0.17739548,-0.08180639,-0.14507805,0.22528063,0.20389776,0.25602308,-0.36361274,0.29015386,-0.42053983
0.5096705,-0.048241418,-0.15135396,0.46318102,-0.07659009,0.32736212,-0.1392799,0.42495188,0.2062884,-0.15230513,0.6910818,-0.68581533,-0.013697412,0.25388312,0.32529107,-0.5409744,0.09863871,0.09246983,-0.08540718,0.28136566,0.081573784,0.26487324,-0.07836069,0.6186121,-0.058485657,0.2059448,-0.17369597,0.08696761,-0.055105142,0.2942616,-0.1448193,-0.10979429,-0.016889177,0.24719661,0.39591593,-0.19271296,0.3601753,-0.140649,0.27710748,0.16862363,-0.3966561,-0.029206507,-0.58953846,0.13209423,-0.21924905,0.12071306,0.114814386,0.38698238,0.56731355,0.03918004,0.053829182,0.8074737,-0.05379857,-0.35192922,0.316511,0.4579386,0.5263215,0.6472597,0.22651446,-0.29067567,0.05353684,0.05088175,0.123608574,0.25444478,-0.7152832,-0.07976793,-0.289538,0.13645753,0.29547435,-0.18115632,0.33465874,0.19595674,0.28012404,-0.21133362,-0.34609604,-0.43495497,0.06341384,-0.018974088,-0.5145035,0.041065723,0.030718196,0.14190057,-0.17664303,-0.3439275,0.28105694,-0.009220272,-0.004146602,0.69369775,0.34975806,-0.21060455,-0.5172645,-0.05982054,-0.30103248,-0.018458813,0.08426318,0.08232963,0.13902742,0.40669957,0.4257542,0.5889478,-0.08508061,0.027299777,0.56752056,0.08453813,0.13456339,0.052123398,0.092631586,0.39820778,0.20972897,0.03053701,-0.981666,-0.13543092,-0.28601575,0.15036726,0.23093843,-0.52580196,0.40445343,-0.34568065,-0.1848791,0.14546478,0.09212826,-0.0994927,0.37565094,0.041945845,0.02188614,-0.40849715,-0.036533132,-0.5257576
-0.0760494,-0.54103476,-0.295752,0.14692518,0.629459,0.15955979,0.68804246,-0.099967815,-0.006560577,-0.41892833,-0.43258226,0.48958,-0.63125306,0.19349259,-0.23569058,0.54139316,0.21793614,0.6463597,-0.12934768,0.3655178,0.60468876,0.46747732,0.12328916,-1.049616,-0.16926146,0.42803416,-0.531996,-0.084058486,-0.087568,0.30954805,0.4514665,-0.09850237,1.0024495,0.0016441885,-0.27173454,0.43733007,0.21554054,-0.06873363,0.42360094,-0.08489118,-0.2518146,0.6206628,-0.047378108,-0.22269909,-0.14306483,-0.39260596,0.09451086,-0.2882889,0.009764001,0.71377236,-0.8756752,-0.1294301,-0.6837676,0.07973544,-0.12324707,-0.09240568,0.015347272,0.14965081,-0.23954071,0.08766016,-0.29877394,0.512358,0.03617157,0.0074473135,-0.3602348,0.05049294,-0.03525478,-0.171671,-0.2810872,-0.09337354,0.5305714,-0.03761,0.2894055,0.2671572,0.18128002,-0.31789958,-0.32869717,0.37106517,-0.53891486,0.24233983,-0.17854962,-0.020965494,0.527162,0.63393927,0.38247275,0.28121886,-0.67268646,-0.530763,0.13868935,0.010738101,-0.10004597,0.5286988,-0.06513085,0.25729576,0.29727608,-0.34939882,0.19357085,-0.13914566,-0.13682307,-0.093702435,0.26691398,-0.4261,-0.039213717,-0.02900885,1.7278174,-0.0150070675,0.3297759,0.21436721,0.40519902,-0.45185065,0.2633346,0.16344145,0.06459679,-0.6564741,0.38098407,-0.08652532,-0.4451934,0.40712735,0.42938212,0.14963512,-0.21852952,-0.31245595,-0.7074522,0.046596825,-0.02619271,0.7005212,-0.14349358,-0.53314996
0.3195054,0.30751574,0.38622183,-0.096746,0.661029,-0.4263842,0.006687049,-0.2512035,0.1320946,-0.15575384,-0.16628835,-0.54852647,0.4733432,-0.12621307,0.21307665,-0.124492586,-0.34341544,0.1908994,-0.7030099,-0.09818623,0.11197351,-0.67207044,-0.1619751,0.06740675,0.0152665945,0.10967395,-0.048853047,-0.10800434,-0.394719,0.124602795,0.17975283,-0.32162666,0.2919647,0.35576338,-0.24040021,0.57820725,-0.25807098,-0.13330916,0.2893846,-0.028734582,0.0077972934,-0.2207751,-0.22603866,0.21332178,0.15323576,-0.36457324,0.35213894,-0.018412735,0.24367592,-0.03347557,-0.14491627,0.2305952,-0.28949514,0.17645948,0.11851316,0.24943474,0.19667014,0.24373615,0.14515854,0.16276248,-0.06723304,0.27844757,0.19308037,0.055136535,-0.06879659,0.15285257,-0.20304923,0.24637917,0.026025547,0.12644626,-0.097061045,-0.18711902,0.41610852,-0.09115407,0.022925094,0.04566402,-0.032170698,-0.24773169,0.4306507,-0.038342904,0.05758906,0.05585499,0.37149534,0.15515877,0.15977818,-0.32619026,-0.2287448,0.43227157,0.14248453,-0.04005797,-0.043140776,-0.04294006,-0.105245,0.21550685,0.3022239,0.065739475,0.33225402,-0.12554824,0.22180898,-0.6299391,0.19677356,-0.13249493,-0.096537456,0.4434589,0.17753962,0.35894626,0.27939448,0.25199774,-0.0035393722,-0.0011391854,-0.030452818,0.31225497,-0.17325564,0.21825725,0.08007887,0.04063821,-0.16554797,-0.23188725,-0.026029594,-0.13286993,-0.16846159,0.4531799,-0.41532665,-0.22163057,0.56729865,0.20455456,-0.16489924,0.27846617
-0.17056198,-0.1839318,0.4973432,-0.2840689,0.5837123,0.16064554,-0.77600384,0.45409566,0.33822224,-0.105747834,0.61211663,-0.20649278,0.49482802,-0.13803029,-0.61675006,0.011666879,0.28463626,0.12055017,-0.20549,0.21649249,0.7918317,-0.25879183,0.108783506,0.1179575,-0.042561926,-0.037516415,0.3736074,-0.12369496,-0.1310434,-0.14281051,0.39320734,-0.47374785,0.2435765,0.5636277,-0.022766093,0.58055234,-0.26252502,0.0898869,-0.46274376,0.1107616,-0.17634335,0.2721872,-0.12919606,-0.06318267,0.17987981,-0.13313839,0.28278726,-0.2404888,-0.368347,0.3665745,0.051333345,0.04624957,-0.6831063,0.2193288,0.28122315,-0.2233558,0.35110864,0.41389072,-0.0738216,0.12625924,-0.052739352,0.47979745,-0.110544786,-0.03488098,0.15342414,-0.18557864,0.20889676,-0.28897232,0.000405116,-0.09969157,0.27403307,0.59936416,-0.049907856,0.01451648,-0.12662247,0.20731768,-0.28903347,0.12870833,-0.09606999,0.16342473,-0.29741633,0.34460595,0.14876586,-0.5585591,0.012978874,0.33457577,-0.08041486,-0.2527787,-0.044324808,-0.31933945,0.0031631868,-0.22532447,-0.045870356,-0.057351574,-0.13461405,-0.22416581,-0.22761087,0.5776601,-0.4089187,-0.27695978,-0.0072666425,-0.20187888,-0.37563416,0.2031563,-0.525285,0.13994735,0.6987673,0.22043449,0.16300234,0.081207946,0.2658224,-0.33141628,-0.44971007,0.18984461,-0.039218366,0.17432798,0.11682552,-0.7699096,0.27753127,0.08693133,-0.33419758,0.073664516,0.5827951,0.06728311,0.45273462,-0.41720548,-0.4735244,0.31616086
-0.36033013,0.088791505,0.01785247,-0.36004812,0.7314172,0.42836374,-0.48458618,0.76174575,-0.49288705,-0.16670924,-0.23105678,0.10042006,-0.59421486,0.97940415,-0.17965522,0.27496776,0.15539145,0.63704437,0.20450206,0.7781929,-0.1067463,0.089845836,-0.13726938,-0.01621832,-0.7723707,-0.008306954,-0.2923535,-0.78554434,-0.11869526,-0.7487108,0.044453323,-0.19871259,0.5412208,0.37678075,-0.4166874,0.39964506,-0.8467494,0.30226177,0.76843995,0.7542186,0.066764645,0.23326923,0.8358572,0.15570231,0.4056916,0.5545416,0.47636223,0.7528665,0.24024065,0.17276822,-0.20670345,-0.39856255,0.27125394,0.25139177,0.13808872,-0.11810428,0.041256405,0.22542264,0.33225608,-0.09673852,0.8585077,-0.17210393,-0.07242902,-0.4205446,0.24371657,0.5665338,0.07081686,0.19238354,0.39932346,0.44595316,0.38362622,0.4537441,0.30047962,-0.8274112,0.3395561,-0.07686669,-0.27177298,-0.15735602,0.90427905,0.13567364,-0.405585,0.31222174,-0.50878704,0.694507,0.018418293,-0.40260613,-0.8150611,0.55900836,-0.6091829,0.7479658,-0.13561638,-0.0014817957,-0.06361873,0.22161601,0.31648114,-0.4098013,0.24799785,0.7112368,0.2814576,0.43234587,-0.05703008,0.6743582,0.1284387,0.7404487,-0.48967177,0.057933446,-0.9232933,-0.1405049,-0.32853955,-0.29943967,-0.27751765,0.46747187,0.29950613,1.3098013,0.33842793,-0.4467172,-0.25778383,0.5887593,-0.66577965,0.63194495,0.31812322,0.094083846,0.29126757,-0.16555548,-1.0224758,0.46455872,0.118079916,0.22881238
-0.05773054,0.07304986,0.22859493,-0.67238784,0.72775286,0.19234143,0.1721205,-0.108998,0.11705944,-0.058094606,0.23246282,0.10894588,0.2687158,-0.10680978,0.42669937,0.085058555,0.10133899,-0.23306692,0.279126,-0.15111092,0.09287757,0.19823948,-0.06579764,0.032530844,-0.15545067,-0.3922683,-0.2028835,-0.052309245,-0.2867114,-0.082165,-0.029005662,-0.13328221,0.007821355,0.1106172,0.16218057,-0.5138328,-0.41206616,-0.26313275,0.014311239,-0.0021833363,-0.08433442,0.24076846,-0.20018585,0.05741713,0.12340129,0.32241493,-0.05665069,-0.31289458,-0.13955748,-0.27656335,-0.22639428,-0.111790664,0.09738418,-0.21142352,0.050972123,0.2486418,-0.20608066,-0.083389066,-0.05036014,0.15599415,-0.121958844,0.58807987,-0.017284453,-0.13487607,-0.03205836,-0.3561654,0.23762614,0.3176161,-0.068658516,0.5011589,-0.53906417,-0.11658016,-0.051087666,-0.25016916,0.05187174,-0.040769324,0.17360952,-0.052168116,0.07190107,-0.36162993,-0.012832567,-0.12068505,-0.21492311,0.1581851,0.10993785,-0.0806617,-0.08440514,0.3789567,0.4456101,0.14227848,0.084848225,0.098499425,0.21580222,-0.48465735,-0.080681905,0.32245684,0.032276034,-0.015488818,-0.18530764,-0.26963004,-0.028305715,0.021626014,0.23565662,-0.29884267,0.092572875,-0.23245403,0.1000359,0.35480148,-0.20682926,0.37791464,0.1162512,0.14070565,-0.19044127,-0.0229007,-0.26496607,-0.1766411,-0.0801896,-0.36003488,0.040042028,0.21377097,-0.043578684,-0.49416834,-0.20149629,-0.3632801,-0.040796783,-0.15728937,-0.23589854,0.047743037
0.45324025,-0.12969178,0.12076636,-0.11386838,-0.41424805,-0.33960348,-0.2562156,-0.371274,-0.14843929,0.09488465,-0.29082203,0.35015523,-0.28682935,0.05916737,0.17935431,-0.30679634,0.009359211,-0.26033938,0.36716065,-0.1318483,0.07227763,0.24566326,0.34163332,-0.02042819,-0.25757626,0.25400168,-0.08187398,0.089591786,-0.3595667,-0.18338333,-0.19575498,-0.4435837,0.14376444,-0.28370744,-0.10938212,0.6203691,-0.102260776,0.37512013,-0.111947,-0.22733308,0.3652759,0.33278733,0.056018896,-0.18537265,0.26644605,-0.3698458,0.041780688,-0.012529604,-0.06927958,-0.0045984387,-0.3658612,0.06562209,0.09410172,0.894602,0.13932297,0.018055942,0.16415402,0.1514075,-0.03735219,-0.08708823,0.055048004,0.7076749,-0.14560793,0.106099255,0.1879123,0.085266784,-0.30976453,-0.34750792,-0.054900296,0.060337562,-0.096789986,0.17261696,0.2108383,0.49769643,-0.41713268,0.04509688,0.17899588,0.21449703,-0.016767073,0.16998047,0.1718667,0.33533287,0.07204571,0.15581188,-0.12941764,-0.7370627,-0.23107512,0.3348619,-0.17844765,0.4589788,0.5183938,-0.0031780824,-0.0389821,0.41824806,0.040087517,-0.36664715,-0.32170793,-0.19391027,-0.1318708,0.01311475,0.16772833,-0.3906439,-0.3906808,0.00065590814,-0.07722011,0.24447824,0.055049673,0.38129807,0.15673174,-0.32454452,-0.4804634,-0.027763244,-0.082295574,-0.48062876,0.19105183,0.5417514,-0.0017695241,0.2717747,-0.027864566,0.64169383,-0.37202382,0.2541446,-0.1928339,0.4177744,0.15815254,-0.16916092,0.19845198,0.09882011
-0.45465088,0.1138247,-0.08874777,0.49533677,0.7464404,0.08255254,-0.7427015,0.27833444,-0.990369,0.5239228,0.19434462,-0.46783686,-0.8061899,0.07796909,-0.2682957,0.3469112,0.107693315,-0.74306834,-0.4971448,-0.4807971,0.14819591,-0.5234843,-0.0015827287,-0.050992467,-0.41468838,0.76040924,-0.09692831,0.57073253,-0.27177802,0.7659848,-0.44013357,0.36904567,0.18002796,-0.10799289,0.18455537,-0.06646928,0.13618726,0.17587724,-0.8000681,-0.06884913,-0.33640063,-0.46351546,-0.5123118,-0.024321206,0.62444806,-0.07168989,0.38030404,-0.5263765,-0.14479584,0.5182828,0.11876087,0.39938352,0.3149975,-0.4424568,0.027855814,0.10397436,-0.015890833,0.38869074,0.14791554,0.09035258,0.5923166,-0.26596355,-0.27409807,-0.5578097,0.0957423,0.736971,0.6595413,-0.45457906,-0.27204633,-0.454682,0.41720653,0.039952602,0.20799962,0.098524846,0.06707913,0.009963216,0.5608249,-0.26382878,-0.046395294,0.17365886,0.14797583,-0.47619438,0.4432881,-0.08286233,0.6393355,-0.36368805,-0.39443642,-0.21564054,-0.076421745,0.17377292,-0.22052519,-0.24575317,0.94035864,0.92092407,0.076145105,0.12473124,-0.02775073,-0.090635434,-0.42300987,0.025672004,0.28268763,0.6255545,0.27861714,0.6882008,-0.32959515,0.36028618,-0.72055405,-0.11677272,-0.39585733,-0.459927,0.15470746,0.21412718,0.4864273,0.07720672,0.2776078,-0.18304902,0.15699135,0.20817569,-0.38393176,0.1778818,0.7041094,-0.7008734,-0.16035876,-0.098846376,-0.16272819,-0.2759955,0.122467466,0.21613008
-0.5705389,-0.34750956,-0.12912357,-0.21283111,0.00036779046,0.07683988,0.10716865,0.088469334,-0.10384516,0.5010196,-0.07152488,0.3698395,0.22299568,0.2988503,0.100530714,0.13448116,0.14210396,-0.020235732,0.54093057,0.1006897,-0.06862035,-0.6731366,0.13115562,0.10765655,0.12328083,-0.17037006,-0.25413007,0.09320386,0.13749635,0.13876441,-0.6215352,0.32676998,-0.040213343,0.33319038,-0.09954098,0.3766865,0.006922234,0.28267717,-0.13112502,0.105522595,0.24702734,-0.5708536,0.38897198,-0.55788416,-0.37363872,-0.13112095,-0.91889346,0.48705694,-0.16366616,-0.42215526,-0.48447618,0.011780921,0.24688263,-0.22895963,-0.36783174,-0.3868915,-0.22800997,0.29662246,-0.2596869,0.21247293,0.10970886,0.7201917,0.04113164,0.32468075,0.16356292,-0.4017976,0.19746341,-0.004410237,0.019088762,0.028837398,0.20212793,-0.08748402,-0.2001136,0.26046962,0.26499453,0.010816246,-0.0401068,0.60276335,-0.093067974,-0.14542335,-0.0346928,-0.6697093,0.09289135,0.19234037,-0.03846706,0.13374093,0.06574521,-0.007802032,-0.054035768,-0.3341089,-0.15042374,0.15230879,0.041923996,-0.31874788,0.08897601,-0.2225318,-0.47641373,-0.14545158,0.3337304,0.4334388,0.04800075,-0.24097495,0.036017638,-0.083889544,0.10172476,-0.110360764,0.07076966,-0.24557444,0.2910943,0.01161135,-0.42883807,0.39169216,-0.26103413,-0.027203076,0.2896417,-0.18933658,0.03933867,0.21300387,0.2333517,0.41919768,0.23420082,-0.37570232,-0.040714685,0.414757,-0.003318423,-0.19769296,0.13953075,0.07228112
0.27012077,-0.66240954,0.2659333,0.5995211,0.35738105,0.09264049,0.2538928,0.31258845,-0.12593976,-0.12123098,0.4414505,-0.61826867,-0.51717055,0.8261361,0.037911817,0.26116955,0.48102695,0.26705447,1.1554934,0.029612372,0.18184733,0.1343696,0.25017422,-0.32288155,0.31978792,0.388121,-0.5163585,0.043429486,0.016178012,-0.11297338,-0.26549774,-0.20151325,-0.09565229,-0.6792659,-0.22070605,-0.26574045,-0.7345239,-0.31970465,-0.14315054,-0.33201015,-0.26869965,0.7588452,0.80180603,0.20474268,-0.29348454,-0.19442523,0.13016641,-0.16760427,0.21189219,-0.13908327,-0.07136341,-0.5400581,0.15591842,-0.103917725,-0.27263075,0.44573164,0.05330374,-0.66151714,-0.3930236,0.029806744,0.25507095,0.032019295,0.55571103,0.31417453,-0.6638584,-0.12866956,0.15432113,0.26183677,-0.076228164,0.9089203,0.026550345,0.27566522,0.04488401,-0.22466522,0.12724592,-0.276669,0.26282132,0.019581027,0.21496569,-0.082204215,-0.23785043,-0.5071203,0.056499466,0.00085476413,-0.026544288,0.011769891,-0.12095535,-0.32989326,-0.3537671,0.37849426,-0.86927927,0.42782506,-0.23980638,0.07263748,-0.19089913,0.52610296,0.3224009,0.2261967,0.574934,-0.121003546,-0.276609,-0.11248082,-0.3023563,-0.7605612,-0.89425707,0.32246968,0.7741761,-0.41814888,0.41314954,0.34159422,0.017815983,-0.17146954,0.1147687,0.019459492,-0.19298029,0.16006656,-0.65665334,0.056730885,-0.36424473,0.17336392,0.7319309,-0.36467206,0.0876563,0.9522981,0.86072314,0.430277,0.09963513,0.50149286
-0.036621723,0.04505811,0.18385449,-0.4205581,0.049204864,-0.26552317,-0.12048772,-0.2328244,0.03853798,-0.06915945,-0.0026694238,-0.17784707,0.3076507,0.14667091,-0.4919059,0.22370285,0.29425976,-0.1919243,0.1826225,0.08035171,0.19040856,-0.29122433,-0.0180446,-0.17676467,0.28121972,0.0028260276,-0.10303767,0.11685062,-0.0055648834,0.17881465,-0.5139382,-0.025195792,-0.45668256,-0.40716368,0.3218674,0.8147036,-0.03626056,-0.3385497,0.02959481,-0.022692524,-0.3187021,-0.064817205,0.07850703,0.35677668,-0.3380094,-0.4680906,0.008888452,-0.09781426,0.27431458,0.14118955,0.10567929,0.39347553,-0.070811614,0.004861502,-0.07050648,0.16396879,0.17236774,-0.16782567,0.06587039,0.05844007,0.12411513,-0.14074516,0.18557261,-0.029633269,0.3754705,0.1854702,0.28974807,-0.010044232,0.19604686,0.13180411,0.14483817,-0.23782364,0.18847571,0.093477204,0.20635895,0.17494223,-0.06979192,0.18258479,0.17894566,0.33910394,0.061062094,0.019221704,0.19749203,0.12275031,0.18519872,0.060549654,-0.12708268,0.16932103,-0.13773537,0.1575367,0.07815218,-0.18144093,0.098198146,-0.043472588,-0.0057362765,-0.15779953,0.68075037,-0.23920248,0.16122057,0.045509163,-0.10776649,-0.01967822,0.1343214,-0.04348554,-0.046072558,0.21014456,-0.09639478,0.11888168,-0.07557201,-0.29376808,0.21262255,0.13051274,0.041126765,-0.055313617,-0.25305745,-0.20430653,0.12905726,0.1687508,-0.18755881,-0.23139228,0.23218803,-0.48089635,0.055875752,-0.33397478,-0.43180174,0.730831,-0.05837786,0.4135575
0.032202475,-0.06816768,0.09007211,-0.12054783,0.04698313,-0.24413398,0.008997662,0.5115415,-0.28125137,0.088917956,-0.43440711,-0.39210916,0.26173568,-0.16333038,-0.7222581,0.00822054,0.37078968,0.111171864,-0.2508655,0.39689353,-0.11733483,-0.1919921,-0.035558566,-0.4013455,-0.25905102,-0.17263997,-0.63334084,0.42511487,0.087751545,0.15605153,-0.17729664,0.3253949,0.2977014,-0.31468195,-0.18941212,0.3688283,-0.014406532,-0.09619455,-0.20217837,0.44021353,-0.054643326,-0.50480926,-0.38713977,0.3368833,-0.4251582,-0.09466772,0.0720469,-0.15195537,-0.02179858,0.091961995,0.025070615,0.4045854,-0.18613414,-0.056406494,-0.058726307,-0.19623472,-0.10197115,0.09843277,-0.12702274,0.06753991,-0.07642518,-0.124145895,-0.5899417,0.12779923,-0.20020771,-0.0984899,-0.07286269,-0.21877179,-0.28495646,-0.010005005,-0.037012115,-0.18732929,-0.37180516,0.14692086,0.110744156,0.05190219,0.46383774,0.10314387,0.16006784,0.115125716,-0.03479299,0.3536242,0.18189183,-0.004306441,-0.09855394,-0.23359779,-0.035426185,0.22016111,-0.16010937,0.2809913,-0.35574213,0.22777522,0.23461035,0.29545438,0.08447048,-0.24086389,-0.08127573,-0.14575629,0.052785084,0.27200645,-0.32578245,0.5899891,0.54769063,0.21927238,-0.12598917,0.23343411,0.12373851,-0.160398,0.24094774,0.23457357,0.50045687,0.1466845,0.032393415,0.39235732,-0.16826245,0.06461727,-0.14560401,0.45590678,-0.0023243427,0.14230458,0.17639628,-0.55311537,-0.15191382,-0.55986243,-0.44813728,-0.06793964,0.17694256,-0.09807602
0.08381241,0.044298943,-0.22660804,0.40042192,0.18362938,0.45754483,0.23239729,-0.51117337,-0.010154031,-0.2323975,-0.45257556,-0.16119188,0.18386194,0.38478538,-0.09651165,-0.1575409,-0.2474781,0.016134933,0.1349547,-0.5717478,-0.25984272,-0.6468676,0.16821198,-0.08034001,-0.046564713,9.807944e-05,-0.22588144,0.24260171,-0.47269213,-0.08491926,-0.72966456,0.08553228,-0.2776892,-0.34571403,0.031546604,0.7515035,0.78367996,0.31289184,0.24991012,0.3012973,0.27312177,-0.07726508,-0.14881906,0.46713293,-0.08345906,-0.29293418,0.357019,-0.36247376,0.2526907,-0.17585544,0.1668655,-0.21363555,0.058540285,-0.24403596,0.0458522,0.0063584503,0.18582308,-0.19804369,-0.3236325,-0.08212318,-0.20749113,-0.2578403,0.026698977,-0.025457483,-0.06842254,0.06252395,0.25338188,-0.043262973,-0.11605284,-0.49019796,-0.17034408,-0.49076298,0.17747131,0.10497827,0.55252296,0.03879699,0.39086568,0.07894373,-0.43793583,0.29923198,0.098812185,-0.15620983,0.13659132,-0.15992516,-0.21773851,0.29629734,0.7446354,0.31172648,0.052108824,-0.20689711,0.06959495,-0.24194226,-0.13389361,-0.20845799,0.47879615,0.31302,-0.17780831,-0.039456513,0.22500992,0.11668408,0.16243158,0.4071162,0.37641913,0.13496855,-0.8052135,0.64568806,-0.24689257,0.2337822,0.5930762,0.1927602,0.2762717,-0.529798,-0.015310552,0.11241225,-0.15152758,0.025189988,-0.029655488,0.061351597,-0.15939148,-0.17139062,0.3423109,-0.67344564,0.028419804,-0.33390027,-0.52924854,0.2654124,0.3994474,-0.004181683
0.410587,0.14088424,-0.169478,0.73948383,0.14879261,-0.12548363,-0.23503518,-0.15938014,-0.21280426,-0.036408283,0.038841575,0.27346402,0.15305316,0.12733428,-0.21085659,0.28523636,-0.28131023,0.084016405,-0.31323346,0.30082417,-0.0040145367,-0.43177,0.42691457,0.05284409,-0.13888288,-0.057396352,0.29710746,0.3066602,0.0039570294,-0.3573091,-0.8140016,-0.10882559,-0.22074643,-0.08718376,0.35032204,0.39560413,0.42495757,-0.3094966,0.23053958,0.34935197,-0.38500747,-0.13393202,0.3721995,0.04410011,-0.23431411,0.15317346,0.372989,-0.26564524,0.19743654,0.05420825,0.07213197,0.07527474,-0.21950784,0.41591924,-0.017451856,0.36127755,0.00035195053,-0.12690511,-0.12835568,0.27265626,0.1021221,-0.09207539,-0.4042299,0.032773696,-0.21432488,0.11270219,0.24241403,-0.119853966,-0.008462161,-0.2066989,-0.35040507,-0.15431044,0.078063875,-0.22208071,0.17833939,-0.25671014,0.0762988,0.011044558,0.16556868,0.21184248,-0.20482089,0.18933387,0.1684854,0.26974374,0.03245455,0.33715433,-0.17755593,0.090275444,-0.0772704,-0.30463654,0.44211376,-0.4390806,0.5063105,0.14306359,0.15654454,-0.18084535,0.07639098,0.060473416,0.4800564,0.19903174,-0.09462285,-0.0678264,-0.35445136,-0.23705274,-0.023549298,-0.1856376,-0.18790603,-0.0372944,-0.12431274,0.12563962,0.015719578,-0.24668112,0.018402733,0.063988075,-0.06168568,0.04732209,0.06295909,0.027119085,-0.07487811,-0.4823122,0.3118469,-0.5243398,0.58797044,-0.3995046,-0.43755051,0.21361238,0.082393214,-0.119322784
-0.04951685,-0.46022263,-0.3334141,-0.38925758,0.1559045,0.15331554,0.052923243,-0.4844648,0.28600454,0.24693653,0.32247177,-0.107249685,0.17409441,0.14525473,0.09053156,-0.05817454,0.25624073,-0.085735284,0.05597756,0.19912958,0.10268393,0.049438223,0.40511796,0.2329654,0.38883102,-0.5212969,0.23545465,0.09670445,-0.1423519,0.2570654,-0.2739724,0.042982604,-0.4720794,-0.048278432,-0.06360404,0.6345546,0.24892068,-0.22790326,-0.07629467,0.31198874,-0.30678335,0.0696156,-0.18458429,0.3242194,-0.05461514,0.43935257,0.050411105,0.15826134,0.042950653,-0.08044161,-0.050051637,-0.24832109,-0.067074955,-0.06748046,0.024174213,0.04419072,-0.5511959,-0.18553938,-0.118815824,-0.28875324,-0.17735429,-0.11318749,-0.20676795,-0.05587399,0.33934522,0.48075438,-0.104614675,0.22388135,-0.07564559,0.36442056,-0.065081306,-0.24181572,-0.41783813,0.0133332275,0.8135985,0.14018832,0.38800153,0.5384014,0.4061186,-0.14786708,-0.16147819,0.42901838,-0.06049107,0.37045687,-0.05153709,-0.36176738,0.06403142,0.2769261,0.07798987,-0.24607441,0.2769917,-0.15106738,-0.35246298,-0.34846038,0.28300312,-0.28087783,0.17783242,-0.17177235,-0.6264426,-0.3051822,0.23827627,-0.13802479,-0.30599347,-0.41521683,-0.3554586,-0.3731116,-0.24831381,-0.48472324,-0.09411604,-0.1792703,-0.083983816,0.024549648,0.40827638,0.3466643,-0.33477762,0.29643494,-0.10817067,-0.32988888,0.4472244,-0.11633831,0.29436517,-0.56075263,-0.35139176,-0.18687466,-0.07420444,0.21916997,-0.07811326,0.3746273
0.13744864,-0.031046566,-0.057571188,0.2427727,0.5418897,-0.17457551,-0.11711847,0.006634406,-0.5244711,0.21718869,-0.31389102,-0.2502514,0.26376748,0.19397324,-0.13639055,0.3655378,-0.31703755,-0.3785089,-0.4162064,0.31242543,0.08064002,-0.76868486,-0.070182845,0.32267657,0.0775339,-0.2426577,-0.2193058,0.16627635,-0.08874473,0.18869874,-0.06766774,-0.16865902,-0.4244964,0.09911276,0.47495532,-0.11583972,0.15181041,0.3881346,0.24160343,0.21263282,0.053404786,-0.14731592,0.050659552,-0.061623145,-0.37643248,-0.81788653,-0.30805442,-0.5289778,-0.21160568,-0.0024708658,0.092477426,-0.43758118,0.4874869,-0.13541532,0.029463373,0.25565043,-0.14219901,-0.17527379,0.09763298,0.23468046,0.24033453,0.082487434,-0.20834202,-0.17250791,0.2962749,-0.019797646,0.48731315,-0.1378325,-0.3249555,0.83151734,-0.02881254,0.15696749,-0.08895485,-0.35158247,0.22098728,-0.34515557,0.46817428,0.21993257,0.07355142,0.09510459,0.19170825,0.041304618,-0.18057391,-0.23491395,-0.25519782,-0.32883337,-0.161786,0.13899277,-0.023215562,-0.4095239,-0.47390988,-0.06713766,0.26092926,-0.47558916,-0.14420924,0.17197861,-0.23500669,-0.108983815,-0.22101715,-0.2589156,0.032790117,0.19626132,-0.12781474,0.1912699,0.19405788,-0.45061755,0.228603,-0.47976506,0.006841272,0.5677061,-0.074748665,0.083239496,0.047683183,0.13036261,0.53758913,0.20629627,-0.327628,0.36862445,-0.29773673,-0.2689322,0.109115876,0.51777375,-0.31265077,-0.022206873,-0.5545047,0.15707906,0.7174246,-0.37067342
0.4001715,0.24852315,0.032082543,-0.23208076,0.6639843,-0.36760616,-0.016471736,0.04297486,0.0013063289,-0.19441397,0.071668744,0.22409299,0.22184213,-0.13457842,-0.043338344,-0.049271252,0.08695817,0.0978488,-0.22568342,-0.14564213,-0.20088059,-0.6176041,-0.08067846,-0.121861115,0.16434397,-0.23053867,0.15004745,-0.2703222,-0.21592133,0.13150848,-0.3403893,-0.113208376,-0.4923306,0.061199706,0.21156093,0.17117858,0.00051277876,0.09109985,-0.006677553,0.21324381,0.37844914,-0.25213468,0.3758239,0.054581333,0.12704004,0.008974842,-0.21591711,0.098931715,0.3767609,0.040928572,0.26214814,0.15589213,-0.04857552,0.059916213,-0.19135034,0.15452993,-0.23143485,-0.48106885,0.1102646,-0.13049923,-0.2752335,0.36846507,-0.23187056,-0.5454541,-0.02544402,-0.37453842,0.2616629,-0.08416024,-0.14219676,0.009099104,0.17136368,0.00038911402,0.088461086,-0.1779669,0.031000108,-0.07284084,0.24861366,0.16368172,0.2707485,0.16477801,0.15830365,0.3633577,0.50697154,-0.30630925,-0.15957999,0.36227256,0.07653547,-0.097456895,-0.2169848,-0.24165303,-0.14545688,-0.12625003,-0.13448414,-0.18185101,0.2712916,-0.016674107,0.38807425,-0.09911814,0.30789837,-0.4026466,-0.10435229,0.16410476,-0.09841185,0.3893101,0.103192076,-0.3557192,0.027174614,-0.09431097,-0.12552732,-0.03620402,0.03364724,0.22049391,0.09859408,0.21767494,0.032124676,0.30557474,-0.009891124,0.17938322,-0.35800695,-0.25180143,0.0035171732,0.34119606,-0.056123763,0.090693876,-0.57954866,-0.030824207,-0.43120196,-0.19126223
0.13795361,0.034851328,-0.33190355,0.27670875,0.5429803,-0.3884622,-0.072063476,-0.08028622,-0.07705045,0.084865436,0.3109213,0.34955257,0.05428054,0.18716651,0.15819043,-0.48177958,-0.04071997,-0.43891954,0.11717966,0.06853935,0.584912,-0.105292305,-0.21646059,0.35307634,0.13199566,-0.02901327,0.015957825,0.18032274,-0.31719774,0.29595414,-0.3174038,-0.13194028,0.04955998,0.18213426,0.023309171,-0.03040468,0.23119882,0.01933468,0.034772933,0.1434425,-0.038340118,-0.31179708,0.3068167,-0.37508824,0.23242165,0.29254952,-0.19207886,0.2386416,0.39772922,0.3577352,-0.17338091,0.28837526,0.108858675,0.2856118,-0.35008043,-0.30384487,0.17773913,-0.66865253,0.2718795,-0.040716868,0.35542157,0.3425002,-0.051051557,-0.16922797,0.15305823,0.1140265,-0.25177816,-0.19156247,0.0878354,0.19031756,-0.01863826,-0.481344,0.32067397,-0.3374697,0.46581358,0.6790267,0.44665807,0.6319994,0.11353825,0.69041353,-0.21742725,-0.13128684,-0.2507558,0.25922188,-0.8669196,0.57795763,0.11705708,0.016111853,-0.33555913,0.2637485,0.86019427,0.19436449,-0.38728887,-0.080453336,-0.32199755,0.31814155,-0.17908734,-0.44759804,0.50915027,-0.34855777,0.08889905,0.23356345,0.35450658,0.45785248,0.15240693,0.09475751,-0.2716835,0.3864121,-0.14694925,0.31051666,-0.21498567,0.2902078,-0.80186903,-0.0023387931,-0.17925543,-0.04607262,-0.056655403,0.4020157,-0.50303483,-0.29424378,0.24888867,-0.012038171,0.0994443,-0.02134867,-0.23697662,0.2943967,0.05314028,0.28502873
0.30354717,-0.39293188,-0.44663554,0.64002603,0.6684308,-0.2018806,-0.29671285,-0.23901388,-0.012280233,-0.08135339,0.42175186,0.25307778,0.48307702,-0.30609155,0.26365513,0.09418964,0.008968696,-0.21613605,0.06516523,0.31440017,-0.03636618,-0.20624278,0.08701038,-0.05275482,-0.2950217,-0.34338754,-0.060881753,0.1812039,-0.14185947,-0.33785063,-0.36607072,-0.022336612,-0.18217471,-0.24028069,0.21441804,-0.06079233,0.20268092,0.5376697,0.08008822,-0.03045471,-0.07655618,-0.20532408,0.46358645,0.07671443,-0.16146599,-0.29108596,-0.13766289,-0.22586474,0.071091294,0.1391618,-0.03577009,-0.36795694,0.21254852,0.113075785,0.20905723,0.45519614,-0.25331625,-0.21230924,0.13297366,0.03286206,-0.053083397,0.21063493,-0.49039668,-0.08422944,0.4231274,0.18044293,-0.13564281,0.045905598,-0.20537192,0.017999224,-0.45004162,0.7816121,0.19514215,-0.09057778,-0.047314484,-0.23904876,-0.24473275,0.13169599,0.2251041,-0.031922378,-0.42517978,0.3952958,0.118534386,0.40556324,-0.4363687,-0.09476287,0.27355206,-0.51761657,-0.22891083,-0.50689876,0.06464719,0.120839134,-0.017494675,0.29363024,0.04466653,0.20054659,0.3265131,-0.2114849,0.25786406,-0.03187215,-0.4286164,-0.028642625,-0.06775841,0.17786004,0.21870911,0.096954614,0.21411592,-0.24639493,-0.07399635,0.26239854,0.65307796,0.5040159,0.23087049,-0.47822893,0.11165957,-0.06534639,-0.037886262,0.11367305,-0.19357057,-0.6328594,-0.16586466,0.40925014,-0.013600968,0.046805806,-0.59539187,-0.100479424,0.23328215,-0.5004148
-0.051555905,-0.40147647,-0.15296812,0.65240747,-0.17217913,-0.20531797,0.5015353,-0.021102542,0.35167664,-0.08365952,0.03830096,-0.28419793,0.18289086,-0.040587146,-0.028161515,0.6228415,0.0022969581,0.488007,-0.17689253,-0.19483083,0.1585297,-0.54801327,-0.24849507,-0.06640892,-0.63726556,-0.39595854,-0.26261207,-0.23982954,-0.6691928,0.2440319,-0.043449342,-0.23484702,0.31664935,-0.31658325,0.32434472,-0.14529616,0.4483379,-0.36926323,-0.18635838,0.023504272,-0.53982437,0.19945699,-0.63307065,0.007170785,0.632903,-0.1174258,-0.09936839,-1.0354089,0.47050098,0.6613158,0.5188726,-0.23864815,0.17050332,0.4551048,0.33060652,0.42023724,0.11049415,-0.30032748,-0.041470222,-0.08247757,0.2777888,0.13783799,-0.45900595,0.18820885,-0.5625145,-0.35514897,-0.48137897,0.14000078,0.440568,-0.14317751,0.35615313,0.70518094,0.34202608,-0.25886822,-0.4035006,0.4558041,0.124139324,0.28332573,-0.13519937,0.40134957,0.37383896,0.06372826,-0.0065619946,0.57506806,-0.42858636,0.5670973,0.22065936,0.6811855,0.072751805,0.8750956,-0.16877818,-0.48324716,0.4538533,-0.27951983,0.48378518,-0.13601086,0.67858076,0.05016139,0.1543464,0.58808833,-0.31121662,-0.43858913,0.3806328,-0.10145001,0.282593,0.19634043,-0.02602274,-0.17000988,-0.6382827,0.3999677,0.45351154,0.5004287,0.1300636,0.54785323,-0.13361847,0.019958632,0.5488446,-0.23401573,-0.3034159,0.15774712,-0.07781955,-0.5900117,-0.35436514,-0.44400978,-0.55789995,-0.64308697,-0.1460025,0.44842237
0.31300762,0.19299394,0.20413947,0.63676697,-0.75796604,0.15407205,-0.46833646,-0.16007781,0.64926606,0.133365,-0.051221937,0.04050622,0.569921,-0.21842761,0.015448593,0.11768209,-0.6757183,-0.6491568,0.3486602,0.173215,-0.17666167,0.5945439,0.23740533,-0.527129,0.15062019,-0.2116351,-0.13416472,-0.29508585,-0.1174726,-0.07402833,0.23650798,-0.1702109,-0.22738388,0.20634219,-0.09311229,-0.039642118,0.5955069,-0.1423958,-0.5300459,-0.27185568,-0.03200199,-0.269437,0.40369666,-0.041063495,-0.21055505,-0.0927151,-0.7132254,0.4014961,-0.27336934,-0.3356285,0.12857506,0.23699078,-0.20872831,-0.27338564,-0.7887336,0.045677695,-0.03951527,0.22461195,-0.3443193,-0.3007401,-0.026350852,-0.68451494,-0.12821513,-0.09174378,-0.013913766,0.8132245,-0.071955815,-0.4770744,0.17096952,-0.21810395,-0.024375144,-0.17709856,0.029251367,-0.2671976,0.07588414,0.0007082112,-0.21323045,0.106118545,0.2712758,-0.07023454,-0.20575288,-0.4487419,0.33810496,0.23861644,-0.18007357,0.45890996,0.3377198,0.23678678,-0.20039944,-0.67908895,0.22042672,0.6906271,0.15386185,0.1249749,0.014128685,-0.45455897,-0.4981064,-0.42888916,0.2096486,-1.2131473,-0.3274061,0.02296495,0.09982265,0.029563945,0.31940448,-0.18312944,-0.25704652,0.12726639,0.2768182,0.33196837,0.015815929,0.3268769,0.049509525,-0.5744064,-0.30820596,-0.046841063,0.010441855,-0.09092684,0.7084966,0.077426165,-0.11374502,0.24006924,0.013387666,-0.026605796,-0.34255266,-0.10822344,-0.2685466,0.50189084
0.16301623,-0.27130574,-0.0650032,0.02587226,0.28658134,-0.19921564,-0.38890648,0.30756727,0.30695418,-0.34060702,-0.1567798,-0.08980032,-0.32975578,0.14500678,0.3378038,-0.34971485,0.07642536,0.025800835,0.34245333,0.28139195,-0.28870833,-0.20215964,-0.29004896,-0.99031025,0.045832366,0.02286474,0.61408484,-0.062133774,-0.018446542,-0.11931968,-0.2910964,0.32268667,-0.8973434,-0.22472,-0.046764627,-0.16245079,0.6134563,0.091606356,0.06729879,0.35418954,0.53519267,-0.28689662,0.20663919,-0.51637655,0.012681985,-0.6033461,0.18478735,0.3439834,-1.0304798,0.150148,0.9866689,-0.16169867,0.005907014,-0.5196712,-0.00055449875,0.46809918,0.17395355,-0.042055022,0.2240213,0.41319785,-0.3693032,-0.26396292,0.029950455,0.0302746,-0.16319951,-0.2781926,0.5761251,0.10843135,-0.11748654,0.06704444,0.10331185,-0.4603353,-0.011796039,0.6227547,0.18213412,0.39361957,-0.5045944,0.94755876,0.4298185,0.46926633,0.31969953,0.24676242,-0.11776748,0.2383711,-0.38070977,0.7253918,-0.8112794,0.271056,-0.82384187,0.46415168,0.3502965,-0.03877347,-1.3465117,-0.26335227,0.5579293,-0.3057159,0.032534182,-0.41481113,0.40895396,0.41444874,0.200775,-0.7120901,0.8440286,-0.15005755,-0.8745869,-0.15656826,-0.35952997,0.19714789,-0.18602635,-0.22626093,0.44724852,-0.46471924,-0.0044100303,0.12585998,0.21340251,-0.4500023,-0.07501209,-0.14581011,-0.74145216,-0.719477,-0.7709087,-0.5228664,0.07439432,0.016389072,-0.07394746,0.29011124,-0.69054854,-0.5592618
0.16702326,-0.30841413,-0.20698582,1.3037959,0.38159978,-0.037789635,0.2499637,0.018339667,0.40303302,-0.02768834,-0.03830549,-0.48641747,-0.013406239,0.04260412,0.40639538,0.33767688,-0.17833598,0.057114214,-0.15856336,0.0754919,0.097278655,0.2194481,0.2168568,0.0332976,0.24187522,-0.057903677,0.009772353,0.15080498,0.05395069,-0.37160873,-0.30448386,-0.3965494,-0.22518902,0.16177382,-0.20356363,-0.41989237,-0.009723887,0.023804486,-0.19684541,-0.2164143,0.34598222,0.6143704,-0.038511723,0.09327169,-0.027415782,0.31034797,0.2093693,0.02452977,-0.26480538,-0.26526648,-0.76239634,0.121013634,-0.040320724,-0.038474143,-0.120409384,0.2576849,-0.013252951,-0.32301837,0.112638995,0.33210474,-0.5083789,-0.11053104,-0.11823058,0.30140212,0.17566758,0.09168644,-0.06993805,-0.26304644,-0.29659685,0.3608069,-0.075724155,0.06424819,-0.26537612,0.2765584,0.42119274,0.13499881,0.0023474968,0.27844292,0.23798293,0.07126765,-0.039761312,-0.4569576,0.58666575,-0.45276737,-0.0025620684,-0.4589291,0.1590305,0.54232013,-0.05939735,0.4466384,-0.74182594,0.2329896,-0.14332145,0.05852362,0.011307839,-0.0018836595,0.28626093,0.04316488,0.24526545,0.21173973,0.26663333,0.266039,0.023647096,-0.3686909,-0.20305285,-0.16621679,0.42155263,-0.7501118,0.17584316,0.29144847,-0.11216317,-0.08359426,0.25138035,-0.04787224,-0.22520933,-0.10870269,0.25086632,-0.3990784,-0.38918617,-0.19015612,-0.3978448,-0.4553605,-0.28266072,0.52298164,0.14002685,-0.06715314,-0.08794128,-0.14241421
0.48174965,-0.53535604,-0.4168319,1.0310488,0.12643875,0.5450209,-0.094398886,-0.09496926,-0.10462023,0.22102974,0.2329815,-0.19809861,0.4157247,0.22237962,-0.080890626,-0.2897314,-0.30139253,-0.10388999,-0.13447067,0.7047844,0.6703062,0.25711763,-0.14416963,0.24370867,-0.09460448,0.28727344,0.71717995,0.32995725,0.19304043,-0.41640723,-0.5756228,-0.14685994,0.15559638,0.5026261,0.39931297,-0.15546593,0.22445127,-0.58909655,0.07674053,0.040855393,-0.36263457,0.15725926,-0.19056776,-0.27004173,0.3446217,0.938633,0.5756677,-0.30308104,-0.33814165,-0.012311578,0.013205536,0.73492074,-0.4900246,0.13058853,-0.08201167,-0.18352002,0.05074808,-0.41174364,-0.22852261,-0.0072280485,-0.12747882,0.16517073,-0.46270543,-0.6113741,-0.29747653,0.6289539,0.1496222,0.41734624,-0.26657316,0.3793318,-0.2478146,-0.4781941,-0.5001715,0.27555853,-0.43338516,-0.4878682,0.05903165,-0.24696773,-0.27440324,0.10271398,-0.42493534,-0.48227265,0.2965691,0.1360055,-0.34408033,-0.20029159,-0.15478191,-0.23434338,-0.6670556,0.27726692,0.368262,-0.45311493,0.5691127,-0.23228261,0.24148455,0.18540621,-0.26277003,0.50350326,0.1570656,0.4071828,-0.18303303,0.06979159,-0.49728948,-0.5276902,-0.18599048,-0.089934416,-0.086615205,0.022977013,-0.5314707,-0.22838563,-0.0715628,-0.28133613,-0.180574,-0.7233781,0.76798564,0.05465413,0.45496318,0.754462,-0.26159304,0.23094997,0.25038898,-0.23396191,0.85291344,-0.27478945,-0.5591897,0.18651548,-0.51110977,-0.1303087
-0.26083878,-0.24738136,0.19145021,-0.18648987,-1.228058,-0.21383111,0.15158464,-0.031407747,-0.21229984,-0.114164345,-0.31498945,-0.2538342,-0.30704266,-0.113668434,-0.09715883,-0.3748884,-0.028448477,-0.11084952,-0.41018265,-0.27650073,-0.30494964,-0.0034683645,-0.2728105,0.47682834,0.19544923,0.2015549,-0.37826312,-0.47172704,-0.508634,0.14506799,-0.38098007,-0.074173495,-0.011014715,0.101796135,0.017178684,0.33614856,0.082052514,0.18146151,-0.10454383,-0.2122248,-0.18244635,-0.3654816,-0.26167858,0.26257592,-0.11261999,-0.24482736,-0.01276511,0.500446,-0.04084097,-0.39685386,-0.0443374,0.40407044,-0.12078212,-0.05218008,0.113514304,0.09788239,0.19482818,0.19370031,0.08312577,0.05045069,-0.28681138,0.1444654,0.1116513,0.16923876,0.23043442,-0.38825962,-0.2832443,-0.25020182,0.20343268,0.1847727,-0.26909888,0.25175914,-0.27618897,0.021342289,-0.030160345,-0.43372998,0.11556503,-0.26373374,0.07150167,0.31965548,0.26230562,0.27728453,-0.27015704,-0.0448998,-0.012356084,-0.7378306,-0.3581138,-0.084961995,0.11651227,0.4797343,0.42651677,0.07982129,-0.43882835,0.2569183,-0.027167186,0.24717617,0.2241125,-0.3619231,-0.24319258,-0.06792897,0.40733847,-0.2368088,-0.08969967,-0.44755524,-0.23071282,0.42075503,0.020336803,0.15845446,-0.14181708,-0.36816806,-0.1592898,0.33179283,-0.007904379,0.42833123,-0.19122508,0.29571748,-0.3030522,-0.0536414,-0.006759028,-0.26970184,0.19875662,-0.9541472,0.3161791,0.43543112,-0.026519835,0.55142444,-0.16767262,0.2966172
0.08207769,-0.30682853,-0.113590844,-0.06330134,-0.89798635,0.49559012,-0.00178409,-0.4044775,0.42587703,-0.38941008,-0.33898443,0.55217475,0.256215,-0.19945112,-0.4514613,-0.02393546,-0.40661138,-0.0753263,-0.51209235,-0.3679976,0.014822498,-0.054047115,-0.17618409,0.44348192,0.044237033,0.20215283,-0.21614535,0.2837389,0.07479045,0.3295552,0.25975984,0.29431587,-0.11790442,0.045644082,0.18891732,-0.4924092,-0.1770244,-0.6949874,0.102152884,0.20427904,0.04285056,-0.047247697,-0.43783575,-0.48449636,0.07548446,0.47463274,-0.33094266,0.16341297,0.053280815,-0.7970569,-0.30945408,-0.23431394,-0.1564732,-0.12432191,0.29089314,0.045617454,-0.0892441,0.5282512,-0.043022573,0.6236699,-0.22990273,0.4921543,-0.35154164,0.28196034,-0.49659467,-0.18957755,-0.009562761,-0.34998095,-0.15580294,0.13063785,-0.029815275,-0.11778933,0.071482696,-0.1574628,-0.21944451,-0.2465755,-0.031368785,-0.09782581,-0.46585953,0.060081728,0.49316323,0.6835809,0.09967719,0.19247249,-0.006440893,0.4905563,-0.13964555,-0.1244451,0.13290481,-0.1531327,0.39069933,-0.012558021,-0.071292944,-0.0747896,-0.37508416,0.091483094,-0.096850865,-0.39500514,0.018603161,0.57892597,0.30954772,-0.1012163,-0.07829615,-0.031759568,0.20274359,-0.18214117,0.05430794,-0.5378101,0.049503285,0.14820442,0.5331296,0.2725295,0.11952375,-0.51096904,0.38898522,-0.32845807,0.074262045,0.45081085,0.14029652,0.061148554,-0.17011389,0.24632953,0.3903179,0.71518975,0.2952736,-0.3098751,0.31449342,-0.6171802
-0.45229176,0.36424363,-0.31886286,-0.42882052,-0.63394326,0.01475063,0.35697794,0.16814052,-0.16613333,0.09192875,0.1583579,-0.029705152,0.21703026,-0.029455766,0.42447248,-0.36605692,-0.06393346,-0.28667805,0.15703346,-0.6273479,-0.09078005,-0.2865771,-0.01165776,-0.29831746,0.15774556,0.11027742,0.3818149,0.0030236132,-0.29375228,-0.028397288,-0.2590084,-0.00949806,0.23190993,-0.25456667,0.016781902,-0.3783616,-0.32292283,-0.20095761,-0.430415,0.71962327,-0.08244757,0.21084082,-0.11216372,-0.0028847158,-0.10737157,-0.43669772,-0.09343537,-0.23910254,-0.2267401,-0.16386552,-0.38836044,-0.5862227,0.049545668,0.35838303,-0.21205479,0.25498378,0.06397949,-0.41269618,0.36531487,0.28329918,-0.39062098,-0.49514878,0.38041472,0.5355734,-0.30551565,-0.085598096,0.026318304,-0.35760498,-0.85062516,-0.16457286,-0.050145894,-0.1266776,-0.48921543,0.03350523,0.18265805,0.53601575,-0.07922387,0.14543313,0.004105635,0.21866593,-0.05422633,0.01801148,0.20814617,0.25736493,0.13792166,0.78086877,-0.017073788,-0.039006285,0.017541137,0.09994371,-0.008410417,0.0022741742,-0.050245162,0.12549374,0.27530476,-0.097972855,0.151957,0.13210844,-0.038977783,0.67289567,-0.08050826,-0.09327823,0.20162131,0.29746366,-0.26352158,-0.16138753,0.45290384,-0.24038023,0.23881575,0.14706829,0.1505417,-0.30376074,0.08492516,0.30708313,0.42474842,0.0015161783,-0.14867611,-0.033913888,-0.1974539,0.16523302,0.29410002,-0.2970032,0.17411426,0.18633676,-0.07937689,0.11461613,0.012530921,0.028471969
0.15395102,-0.0037150383,0.37581635,0.040041998,-1.0405897,0.3873119,-0.06689954,-0.15122546,-0.110617936,-0.13598847,-0.31172287,0.007333845,0.31659734,-0.56062526,0.3846075,-0.3021479,0.09855224,-0.3679666,-0.13398518,-0.5179805,-0.4080315,0.0018217862,-0.20088607,-0.08136938,0.13626632,0.2766986,-0.2014432,-0.11283364,0.06912806,-0.40032387,-0.24983205,0.2037155,0.07675541,0.40793398,0.010990955,-0.44165623,-0.13063253,-0.08038294,0.3584691,0.3108651,0.15765433,0.2012017,-0.6822689,-0.20556378,-0.3415754,-0.23525308,0.11201948,0.070513025,0.024966829,-0.1896686,-0.0026847646,-0.277058,0.2510007,-0.02327709,-0.18998036,0.34954348,-0.40100625,-0.2781416,-0.020245463,-0.40488622,-0.03239348,0.49970585,-0.10733239,-0.26639867,-0.13623221,0.05841409,0.009417072,-0.40124777,-0.49921227,-0.15203375,0.15055108,-0.049098823,0.52873355,0.15192321,-0.02694601,-0.4131347,0.6565446,0.032634407,0.019903276,-0.60970813,-0.017500103,0.22366618,-0.0140812695,0.66069674,0.10778466,0.21629265,-0.3950788,-0.076978676,0.1378004,-0.35183755,0.39871147,-0.33705723,0.12842019,0.1570257,0.12060045,0.014834296,0.21529494,0.0046881847,-0.14976278,0.8048141,0.067709565,-0.4425735,-0.37455854,0.2597136,-0.1422215,-0.24572058,-0.16107194,-0.17290154,0.012022845,0.10649293,-0.0058265068,0.4356661,-0.10460436,-0.4036748,-0.28390342,-0.5782045,0.017083675,-0.16304272,0.15640214,-0.1456268,-0.18654718,0.05276098,0.37339884,0.37723425,0.054581292,-0.00010688603,-0.2950821,0.12536737
0.12723158,-0.15720813,-0.011565022,-0.3107697,-1.3494844,0.27332813,-0.39758286,-0.15563315,0.28104886,-0.29752392,-0.18819922,-0.1475245,-0.074791595,-0.22842711,-0.1115083,0.1540878,-0.10544958,-0.17371601,-0.16861658,0.12063038,0.30716616,-0.56663233,0.24064544,-0.0015065446,-0.5164709,0.07505308,-0.22641253,0.15569265,-0.13907093,-0.3147636,-0.048442803,-0.071598485,0.35023123,0.18213145,-0.27061546,-0.4624535,0.27410924,0.12896478,0.034580253,-0.025235385,-0.16671781,-0.15457125,-0.2032755,0.1697078,-0.02423861,0.055602543,-0.112837516,-0.104503475,0.3455758,0.13137764,0.014887176,-0.21555933,-0.34554878,-0.27926612,0.16590486,-0.5018631,0.13225208,0.25948718,-0.20952399,-0.36243814,-0.65386933,0.31198296,-0.534907,-0.07843037,-0.22981,-0.165774,-0.05113266,0.07589561,0.45755506,-0.36014533,0.45527533,-0.1386132,-0.3858854,-0.29389346,0.15371904,-0.75609297,0.3711334,-0.33439383,-0.52635527,-0.721041,-0.5578224,-0.48294252,-0.15020844,-0.26518926,0.02987176,-0.16470176,0.2400417,0.19883235,-0.15862669,-0.54631716,-0.2613934,-0.046193503,-0.39881852,0.19620034,0.36585724,-0.1468551,0.31437767,0.66972345,-0.30534333,0.39677542,-0.06281057,-0.23231038,-0.0057761203,-0.22753718,0.46775153,-0.2621801,0.040096756,-0.14210005,0.06459053,0.110837415,0.3594081,-0.027172461,-0.077055,-0.18825538,-0.42657262,-1.0987955,0.26928496,-0.04452609,-0.3230173,0.27218464,-0.41763237,-0.6223217,0.33176586,0.43726742,-0.048046842,-0.0021101646,0.34994262,-0.40255314
-0.47694948,-0.2600588,-0.094898805,-0.11677727,-1.0192033,-0.00068205595,-0.12556067,-0.09218655,0.19377983,0.4481939,-0.08159466,0.32898086,-0.02559533,0.22091584,0.30624524,-0.008493185,0.14969282,0.30617076,0.20246491,0.53579164,0.10644309,-0.20328498,-0.13702819,-0.29705504,0.012025461,0.094708964,-0.3381399,0.08860902,-0.013176072,-0.21510026,0.39853424,0.031770118,-0.0873245,-0.4370136,0.066382214,-0.19208434,0.24608672,-0.004188558,0.080732085,0.04563494,-0.092523545,-0.0014565662,-0.2808851,-0.1743002,-0.060162105,0.029830545,-0.36989796,0.24283804,0.13041708,-0.17898099,0.30955803,-0.6677185,0.1258746,-0.36332184,-0.0031789038,0.23547658,-0.20658632,-0.20222187,-0.106505156,0.34473565,0.10738344,-0.1632273,-0.21015863,0.31216484,0.08042671,0.1807164,0.16182053,0.19737026,-0.25091428,-0.1081544,0.3842783,-0.17233378,0.18831272,-0.29600537,-0.09715076,-0.022561023,-0.10984686,-0.22202504,-0.07937473,0.21397008,0.20376806,0.27920038,-0.32422394,-0.20887694,0.03578502,0.3200591,-0.6618567,0.41689503,0.10803871,0.031255677,0.10961253,-0.11499001,-0.048296407,0.002657244,-0.15853286,0.014980681,0.29518104,-0.3558114,-0.1618003,0.7551934,0.28369868,0.38701504,0.26797992,0.59995484,0.18839473,-0.21828642,0.019530132,-0.47140592,-0.14195967,0.47653395,-0.05404549,0.21957968,-0.1593918,0.35404673,-0.02949512,-0.28383324,-0.09131986,-0.1214484,-0.19715242,-0.11266118,0.14819247,0.4225022,-0.32143638,-0.011144191,-0.058479108,0.07724084,-0.48440543,-0.4191355
0.16747956,-0.13645336,-0.48669723,-0.5093174,-0.8438362,0.38105077,-0.1860888,-0.0043012276,-0.093085594,0.22345805,0.14104629,0.10849538,0.2227803,-0.06360598,-0.3071097,-0.05686689,0.32724088,-0.17304938,0.2846195,0.2693271,0.26775387,-0.6138662,0.08286753,-0.33781248,0.38523024,-0.0030430555,-0.013437824,0.31383598,0.3132325,-0.15427174,-0.040260114,-0.09101116,0.28453878,-0.113507286,-0.024309276,-0.07617387,0.020576803,0.44702247,0.19766939,0.61307585,0.22120187,0.27993423,0.1311065,-0.06344028,0.24229059,0.20172863,0.1051026,0.12412642,-0.024102151,-0.17296636,-0.28884667,-0.29538187,0.20962508,-0.24808505,0.11052188,0.50448245,-0.44263583,-0.27389005,0.18195511,0.21636093,-0.060028564,-0.550439,0.027713984,0.05746794,-0.27017868,-0.13086462,-0.009679958,0.16943987,0.20701721,-0.21990283,0.29260182,-0.3570322,-0.13087632,-0.22141683,-0.23937148,0.5079461,-0.07265182,-0.20331532,0.018395945,-0.13492875,-0.36940235,-0.15283057,0.07101244,0.24465048,-0.3008853,0.2257321,-0.35025275,0.047721315,-0.004218596,0.07786243,-0.40524316,0.35722542,-0.3260221,0.0031250436,0.051054172,0.69497657,0.1131043,0.16127196,0.014131073,0.6400673,0.09811019,0.72639734,0.017804783,0.43267292,0.24553451,-0.21773772,0.11514245,-0.1390909,-0.08935924,-0.088771306,-0.09087544,0.044852123,-0.34371418,0.34854054,0.20683414,-0.11180617,0.24972501,0.19025938,-0.04632622,0.2769892,-0.09913831,0.1684157,0.18378423,0.019266956,-0.06957203,0.043263786,-0.016100103,-0.055363033
-0.3624999,-0.6124264,0.030981094,-0.07223722,-1.5943167,-0.25835598,-0.5620219,0.3268463,0.3761254,-0.15845725,0.072056085,0.050406184,0.10035019,0.11099774,0.2751854,0.43202117,-0.026221074,0.3487631,0.04379536,-0.2515586,0.01993153,-0.2307115,0.13252601,-0.08283623,0.1030096,-0.26481256,0.05673346,-0.06597488,0.009392668,-0.357615,-0.10622131,-0.14894289,0.13703032,0.32473427,-0.226008,-0.22984497,-0.023512095,-0.105693504,0.10756042,0.023742042,0.23622748,0.02927664,-0.026597962,0.37003878,-0.12290303,0.56358385,0.39524963,0.075112686,0.06457859,0.1517365,-0.02201918,-0.16040394,0.10114487,0.37270924,0.22076869,-0.83388877,0.029174268,-0.010094071,-0.09727377,-0.020095222,-0.33811492,-0.4710908,-0.61674196,-0.09844671,-0.6738666,0.050505966,0.15505409,0.07085313,-0.09580836,-0.03176821,0.020490877,-0.26082727,0.23266506,-0.40570325,0.069525376,-0.16809937,-0.007367499,-0.11265575,0.7085407,0.099280074,-0.2862796,0.5272157,0.057585083,0.51908433,0.095940866,0.014388759,-0.015334405,0.31820983,0.0077601178,-0.06512624,0.41671467,0.37725878,-0.07650003,-0.64758515,0.35733286,-0.2299971,-0.069111444,0.41486114,-0.20396876,-0.1900388,0.12681416,0.08625813,0.24927154,0.17740515,0.18779725,0.22206573,0.15170076,0.29206172,-0.34958977,0.23583779,-0.039580256,0.34366336,0.06426685,0.1911442,0.07653951,0.16907719,-0.25491354,-0.110444516,-0.04870124,0.13485458,-0.28164357,0.094200656,-0.11442725,-0.0591812,-0.1911298,-0.09125707,-0.33972394,0.0320536
0.28104278,0.12320463,-0.20204434,-0.035457134,0.014969833,-0.2367287,-0.08781669,-0.2811792,-0.36691165,0.083366685,0.33853912,0.18783967,0.18679485,0.25289884,0.67349285,-0.26524246,-0.29812086,-0.39304033,0.5095916,-0.26392463,-0.018463748,-0.56669,0.06580165,-0.06026949,-0.2855547,-0.025734566,0.37020907,-0.12457069,-0.3223262,-0.014460497,-0.18562353,0.19023249,-0.4241621,-0.020528868,-0.0596251,0.42715257,0.3612932,-0.002461031,-0.4156676,0.1666637,0.0318902,-0.0007631369,0.04969912,-0.18435007,-0.23040901,-0.44175047,0.070177466,-0.36888108,-0.29646608,-0.13154767,-0.37278283,0.2756151,0.45734823,-0.08207227,0.19921558,0.15094432,0.027814716,0.15402102,-0.21352753,0.27775753,0.046516746,0.3132256,0.25903404,0.49386102,0.018157873,-0.21962187,0.11707534,-0.05759252,-0.0680895,0.3575115,-0.13077661,0.2505161,-0.17057341,-0.22428098,-0.0860875,-0.31479728,0.2799875,0.42690206,0.2597856,0.2012341,0.11610825,-0.0738526,0.20161705,-0.010807898,0.0395861,-0.27055117,-0.15651487,-0.07328703,-0.18746884,-0.105807364,0.3816647,0.27218574,-0.32851416,-0.18403976,-0.098982856,-0.05609169,-0.49061564,0.0043901782,0.065502584,0.5016899,-0.6525846,-0.07024115,-0.060353056,-0.47111294,-0.21606979,0.50820863,-0.42325276,-0.31421906,-0.8224175,0.3736617,0.06468406,0.08918463,-0.14709164,0.23988906,0.18466131,-0.12769866,0.31527442,-0.31737489,0.11558161,0.16696575,-0.07199414,0.10800316,0.06717337,0.76432616,-0.020862073,-0.2683386,0.60264385,0.013686604
-0.42867327,0.15598442,-0.01204849,0.12395057,-0.30837563,-0.260152,-0.32917947,0.004067092,-0.5563716,0.16080755,0.110312976,-0.26198232,0.10823889,-0.48113,-0.1092944,0.2803488,-0.19522914,-0.50042045,0.52958065,0.6620526,-0.5290984,0.11354232,0.08785109,-0.28121942,0.054547027,-0.20680088,-0.5192704,-0.21689494,0.4799306,-0.018438257,0.24228689,-0.54548144,-0.034313705,-0.562256,-0.1281699,0.8527602,0.21009195,0.5495332,0.011896996,0.020946518,0.069011375,0.017778076,0.057620943,0.26876208,0.008041392,-0.08487725,-0.7136177,0.16158296,-0.55790997,0.033122025,-0.28134662,0.08384412,0.6995226,0.006015349,0.17930461,-0.44789502,0.24900623,0.4501849,0.2977352,0.20454864,-0.5398682,0.5509618,0.704921,-0.12759264,0.3288047,-0.060092703,0.49516064,0.30362302,0.26306844,-0.025456972,-0.21271601,-0.16145231,-0.18433441,0.12849545,0.1295272,0.011301398,-0.57840335,0.17320372,-0.31081116,0.39047858,-0.19100612,-0.112456515,0.12763202,-0.067642145,-0.37188643,-0.09135877,0.01985484,-0.33800367,-0.3320724,0.063206576,-0.6563724,0.078639045,-0.07170197,-0.19058774,-0.6634525,-0.026629798,-0.5806432,-0.06469545,0.151551,0.2766784,-0.34263048,-0.047913983,-0.09547018,-0.08827245,-0.03606859,-0.24335416,-0.32567453,0.0638981,0.37241834,0.009464599,0.6437667,0.13480633,-0.09177549,-1.0409045,0.05519983,0.05513581,0.10933985,0.17985545,-0.29487896,0.38534304,-0.34232146,0.67273134,-0.0065099522,0.6704548,-0.12142744,0.23776019,-0.5606133,0.029722422
0.16224472,0.31430492,-0.7429293,1.1290283,0.37741652,0.16999906,0.44829562,0.20708317,-0.15230215,0.33648166,-0.26577738,0.55123943,-0.3036402,-0.15886189,0.17166144,0.48098278,0.07691777,-0.21708025,-0.62012976,0.08788793,-0.5638412,0.3500644,-0.56073713,0.6562394,-0.6561067,0.3401856,-0.47075492,-0.681661,0.20415634,-0.44536543,-0.3725505,0.17432779,-0.34516495,-0.32747766,0.24842058,0.16166526,-0.15932134,0.39866212,-0.15223745,0.00042770838,-0.20092396,-0.3422454,0.49369016,-0.46680743,-0.3661646,0.36228934,0.23874566,-0.39506346,0.118935384,-0.12289357,-0.1615854,-0.06786658,0.37204367,0.10808667,-0.16134712,-0.16433832,-0.4389905,-0.5828723,-0.13631979,0.56675214,-0.09734082,0.26649123,-0.44188264,-0.078035116,0.15142407,0.025042448,0.5857378,0.19286197,-0.10677545,0.1984709,0.27692908,0.106194675,0.33139768,-0.2113015,0.049450852,-0.08006932,0.07505667,-0.092947155,-0.268556,0.49179596,-0.1676033,0.12749913,0.29274428,0.159604,-0.6478746,0.060962614,-0.36323896,-0.30626273,0.1327304,-0.24037431,-0.40350184,0.49358878,-0.12791918,0.15167436,0.4810289,0.38118404,0.20725203,-2.6665628e-05,0.36799425,0.41770184,-0.62084854,-0.06296317,-0.011181323,-0.08793965,0.6298866,0.050440222,0.35437703,-0.51770097,0.6064687,-0.45875716,0.33077595,0.38403776,0.31490248,0.02608059,-0.29000476,0.17322415,0.39740562,-0.43161145,-0.043534815,0.0038408935,0.46693966,0.12009223,0.037302442,0.25423524,-0.36545044,0.074535444,-0.8154228,0.08097103
0.020644499,-0.35757062,-0.23184603,-0.47429806,-0.4468233,0.072975695,0.007714778,0.26535034,-0.026864946,0.11629589,0.29296425,-0.21877697,-0.20835531,-0.121498905,-0.18394656,-0.13337828,0.322417,-0.15272255,-0.33707234,-0.4754226,-0.38577402,0.5733779,-0.3344997,0.059572592,0.06393466,0.23713519,-0.04175574,-0.5057681,0.1869513,-0.1359214,-0.17202081,0.29288203,0.042436995,-0.39566836,0.19140303,0.87611306,-0.40417406,0.017818853,0.1724284,-0.64971656,0.21576843,0.25268364,0.24403407,-0.40059382,-0.21458738,0.18291983,0.52302486,-0.043548226,0.059979476,-0.1818591,-0.18575995,0.29910284,-0.33832976,-0.055101153,-0.5231262,0.20892955,0.5226073,0.21883535,0.032042515,0.06896447,-0.9124025,0.25975627,0.15179645,0.17718035,-0.6441361,-0.3726947,-0.028346462,0.207606,-0.003924709,0.31255028,-0.5367572,0.20943266,-0.55587655,0.08653504,-0.09707872,0.037566964,-0.16121571,-0.24740142,0.3827472,-0.4374206,0.6546677,0.06678328,0.03631503,-0.11141788,0.1403719,-0.5340205,-0.015951047,0.2260868,0.12711783,0.109329216,0.2543341,-0.4281679,0.43788248,-0.4343355,0.03391307,-0.017696336,0.32160878,-0.09523663,0.3852529,-0.029034672,-0.029089836,-0.28191927,0.00088035315,0.17117107,0.030554414,-0.14557426,-0.27872178,-0.4777171,-0.12987751,-0.1923995,-0.21416613,0.07930537,0.053145923,-0.16751128,-0.3539952,0.3555666,0.086382225,0.46047875,0.7407067,0.28082883,0.08894232,-0.11545424,-0.102394834,-0.11505592,0.45670155,0.0027763732,0.32254827,-0.3542809
0.09297244,0.07284368,0.7099529,-0.54029256,-0.05346188,0.28445753,-0.43197238,-0.5130039,-0.056600004,-0.22878191,0.14731859,0.08053942,-0.042868927,0.020560443,0.42500335,-0.0034191944,-0.014258467,0.029990515,0.044939354,0.0142039005,-0.27586114,-0.24990688,0.25719512,0.27026987,0.22766346,-0.53124404,-0.22659042,0.008178353,0.067135185,-0.16386452,-0.6514085,-0.45233148,0.23465553,0.09739998,0.51664066,0.6690143,0.033139735,0.2861687,-0.43304726,0.3751963,0.43314698,0.22131458,0.22205958,-0.02056235,-0.3109697,0.36469102,-0.38233423,-0.049917765,0.36373582,-0.28561312,-0.121676475,0.36196846,0.6553285,0.65818393,-0.16532218,0.25080898,0.14221324,-0.14008647,0.34882107,0.3967912,0.591917,0.75799525,0.19874977,0.28473496,0.06578574,-0.13691401,0.041792728,-0.09045286,-0.21455352,-0.0652176,0.064599454,-0.28238302,0.21593738,0.32290062,-0.25793305,0.22135195,0.287796,0.22359331,-0.3905885,0.10590574,0.06847778,-0.3563188,-0.27040264,-0.30671322,0.21920405,-0.22153707,0.0042636376,-0.02507555,-0.02189143,0.086072944,0.052195746,0.95733464,0.055652622,0.04237294,0.075694755,-0.139037,-0.21726514,0.27676213,0.04172471,0.42405292,0.33806667,0.18709898,0.43323722,-0.47147545,-0.16249242,-0.036172424,0.17053254,-0.037207857,-0.10474961,0.25396806,0.066359274,0.025370205,0.28448832,-0.063144445,-0.036106363,-0.5307343,0.079593174,0.017751036,0.0938115,0.61029613,0.35139257,-0.26969722,0.13126035,0.3615893,-0.16956902,0.23318534,-0.059135884,-0.028773025
-0.34959844,-0.06281492,-0.036540605,-0.567855,-0.7259958,0.10328464,0.24252145,0.11943586,-0.6085903,0.29369396,0.25540748,0.18499067,-0.47554153,0.35420302,0.41249806,0.37938753,0.25031364,-0.27680895,-0.27483785,-0.1893667,-0.14741136,-0.3893984,-0.52126056,-0.21614268,-0.26724574,0.38131052,-0.046302594,0.29793757,-0.33497745,0.04178746,-0.6207528,-0.15817815,0.15500994,-0.19158614,-0.05520563,0.69555604,0.14015985,-0.061908007,0.07960124,-0.1254385,-0.5599145,-0.11759891,-0.35182863,0.45690385,0.08544934,-0.07505645,-0.44942415,0.036685795,-0.53316945,0.029736351,-0.14227062,-0.11661655,-0.38839608,0.1326602,-0.2264768,0.33079737,-0.081212014,0.62853175,0.2303357,0.053885378,-0.25562632,0.739222,0.4853698,0.18515155,-0.45749742,-0.3140136,-0.3673877,-0.10288962,-0.22244066,0.15078528,-0.07405851,0.055325624,-0.28110713,-0.4133555,-0.26837027,0.25735295,0.104371674,0.18861419,0.16749123,0.2813519,-0.12473191,-0.35924694,-0.09994191,0.057229944,0.05171431,-0.10013802,0.3334785,-0.32376266,-0.11252025,-0.14765814,0.35686284,0.03920224,0.16444191,-0.30517226,-0.004685919,0.21623002,0.096042395,-0.039226905,-0.12621541,0.09109339,-0.06647545,0.15975736,-0.2388709,-0.48803326,0.11942502,0.25987446,0.11362006,-0.22243711,0.14784843,-0.20211759,-0.2909268,-0.28832266,0.1069374,-0.35960948,0.07512345,-0.070600346,0.25648403,0.34587255,-0.018165749,0.03127584,0.14282997,-0.36875862,0.15455714,0.24520127,-0.18923824,-0.2990887,-0.14824302,-0.21994941
0.10559674,0.6940835,-0.122971356,0.6433726,-0.91042274,0.15424596,0.27325523,0.40106767,-0.23033488,-0.14693284,0.22148006,-0.11446633,-0.059857517,-0.04241623,-0.18545215,-0.2934393,0.3145304,0.00091607124,-0.17376259,-0.022404773,0.19852644,0.17181572,-0.4654745,0.1515975,0.35853606,-0.1524892,0.25952014,0.032644078,0.3259049,0.71515274,-0.5222843,0.0196359,-0.009426609,-0.039898936,-0.1769592,0.32652882,0.029493105,0.16470952,0.40469843,0.32032627,0.15978274,-0.2606246,0.25957477,-0.1893635,0.07280566,-0.88083047,0.23073727,-0.19596505,0.09729161,-0.61118984,-0.09580509,0.4316755,-0.67730284,0.2821841,0.43350798,0.23840459,0.30889684,0.107076555,0.0821477,0.22977358,-0.020835605,6.905384e-05,0.1999645,0.36482614,0.17685539,0.25118503,-0.47243878,-0.5829523,0.41389057,0.18538746,0.30950946,0.23297915,-0.29364684,-0.024756446,-0.3762758,-0.24075158,0.02250643,-0.32330626,-0.45205933,-0.18702799,0.27324617,0.06496623,0.36488646,-0.015939258,0.063476965,-0.083576374,-0.27894035,-0.35006624,-0.46982792,-0.025702529,0.041906312,-0.35887364,0.06821688,0.09816793,-0.46204254,-0.5618485,0.2909267,0.0060404837,0.046774335,0.26466045,-0.47414115,0.35213977,0.61325264,-0.41316563,-0.6824895,0.8823968,-0.13069677,-0.49658847,0.15631877,-0.117326856,-0.2247342,0.25097007,-0.14315607,-0.047671102,-0.37276536,0.2434813,-0.10370789,0.027258322,-0.32488486,-0.340811,0.0014024931,-0.6006638,-0.25565302,-0.78906447,-0.65005016,0.17943224,0.2681682,0.22867805
0.09637018,-0.12841468,-0.18717016,-0.14232822,-0.15877414,-0.06579888,-0.63979155,-0.16989385,0.062441375,-0.16438314,-0.26680082,-0.04997337,0.11902407,-0.104751,-0.0980961,0.23601164,-0.3527373,0.19948998,-0.11820974,0.07052206,0.49848574,0.33097184,-0.05708956,-0.118651,-0.42212275,0.23734938,-0.2865719,-0.0344758,0.09392386,-0.097987026,0.08210522,0.18386605,0.040567517,0.16441952,-0.18415712,1.2902267,-0.09269351,-0.2911643,0.027892869,-0.5670437,-0.117605135,0.11638513,-0.016433988,0.28888652,0.4770197,0.4282928,0.1391505,-0.3154737,-0.36641663,0.41043043,-0.056385092,0.27324802,0.012789175,-0.026212197,-0.1749832,0.28848273,-0.09747501,-0.19873735,-0.06347716,0.20564893,0.27715543,0.45529982,0.0836644,-0.057816356,0.113095745,-0.18266681,0.10708691,0.21336178,-0.123832196,-0.037576333,-0.40755248,-0.16453359,0.1867482,-0.02757965,0.41127238,0.13098353,0.05134587,0.08663614,-0.3819181,0.14544567,-0.1212326,0.14144863,-0.37794447,0.25796673,-0.025978334,-0.44584227,-0.3169076,-0.36723828,-0.016098186,0.30486172,0.021807294,0.16090089,-0.11798434,-0.19303688,-0.21946687,0.6472356,-0.52289444,0.08329685,0.10807865,-0.049536884,-0.035035953,0.008601166,0.1055524,-0.32892552,0.28215444,0.0879074,0.10586169,0.051039267,0.100464694,-0.09424016,-0.15975896,0.03790424,0.41707754,-0.20513658,-0.47663274,0.2731154,0.197905,-0.5840561,-0.037517715,0.4677722,-0.46595922,0.16210277,-0.04566343,0.39708263,0.10001169,-0.62763953,-0.039984707,0.08958468
-0.022751383,-0.32703888,-0.09043277,0.5828116,0.23923919,-0.44449228,-0.11843724,0.514375,0.21643788,-0.006346292,0.4259012,0.12173467,0.25609827,0.20886159,-0.04275783,0.12716115,0.18727872,0.50368977,-0.12763716,-0.33100197,-0.12745649,-0.03869424,-0.34660426,-0.16524002,-0.75283796,0.21624559,-0.24780357,-0.115399666,-0.052537456,-0.018778145,-0.05794475,0.37893263,-0.14239524,0.056725062,0.12436959,-0.701239,0.10162254,0.39811733,0.19194739,0.06303094,0.35388687,-0.21473834,-0.120292805,-0.15575439,-0.03754922,-0.041654892,0.59455955,0.74100655,0.31641358,-0.48925695,0.39535907,-0.4989832,0.5128376,0.33114424,0.66676223,-0.15592258,0.48584527,-0.6864929,-0.60323775,0.6528482,-0.37978244,0.67168677,0.00815415,-0.72151047,-0.5386212,-0.59841555,-0.18021476,0.33721575,0.21917942,0.47324663,0.4481834,0.051076215,0.4301533,0.30005166,-0.5331543,-0.062677965,-0.32735878,0.16983654,0.28521958,-0.031202698,0.23809782,0.42935497,0.011811888,0.6194197,-0.6323811,0.17657629,-0.24315998,0.30607522,-0.14119469,-0.1299389,-0.16052634,-0.09129928,-0.14480418,0.3067482,-0.50644696,-0.19935134,0.47710836,-0.30224296,0.28266326,-0.952809,-0.16444613,-0.17248568,-0.37149316,0.06581859,-0.064496614,-0.21923435,-0.30045632,-0.16418968,-0.19514659,0.22970846,-0.41407034,0.15351526,0.18667537,-0.2942855,-0.14447151,0.10581029,-0.21676096,-0.16744278,-0.3072399,-0.6796774,-0.28713548,0.12901324,-0.14806491,0.72709775,-0.32996687,0.18153277,-0.25854266,0.05083688
-0.067965634,0.20853539,-0.35751817,0.86605483,0.7044933,-0.4957384,0.094936684,-0.34067494,-0.7060109,-0.32147768,0.18607679,0.12847275,0.20316951,0.16598111,0.17793146,0.14367442,-0.59937537,0.4611856,-0.28120127,-0.7673483,0.330486,-0.21492235,0.1536102,0.65888906,-0.093572386,0.33195752,0.3132708,-0.09653315,-0.6197835,0.21323821,0.08431907,0.010620143,-0.18362091,0.18084097,0.1699082,-0.8476008,0.18553124,-0.38509387,0.011496276,0.002364494,-0.06326011,0.071404666,0.7013923,0.46608925,0.21699737,0.21463951,-0.34294426,-0.047223955,-0.33592197,-0.13959895,0.77586234,-0.4839483,0.33547238,-0.43278047,-0.18415603,0.1723235,-0.36983246,-0.7312558,-0.5272244,-0.1742571,0.30199042,0.33795878,-0.59251356,-1.1750329,-0.34254482,-0.15195741,0.08738761,0.23459883,0.30090484,-0.21844877,-0.17990276,0.21820505,0.38692272,-0.5585625,-0.10193351,0.40982696,0.26292053,0.063183665,0.034299247,-0.041011244,0.6839353,0.045279637,-0.29432636,0.036576763,-0.57787114,-0.13485192,-0.3534213,0.23000571,-0.31580102,0.06395416,-0.4348335,0.1312507,-0.029625658,0.37280777,0.30152375,0.4191604,0.84605885,0.29917645,0.045952607,-0.2123757,-0.5449354,0.3498571,-0.46958637,0.4617638,0.22065629,0.04291655,-0.03598722,-0.5517639,-0.0553988,0.14279231,-0.43977642,0.12887177,0.9502777,-0.65911525,0.17608806,-0.46020767,-0.5437421,-0.086239755,-0.30264574,-0.18893006,0.2297223,0.42328566,-0.10806835,0.26619256,-0.109595984,-0.35868075,-0.06271635,-0.1717464
-0.08964244,-0.67154324,0.19718683,0.8385085,0.43234274,0.47308078,0.39458555,-0.04690227,-0.035337955,-0.023464642,0.15188271,0.086738,-0.23463352,0.36083326,-0.3862113,-0.39596796,0.30515143,-0.15877123,0.5232004,-0.59460443,-0.39114913,-0.10162243,-0.2665106,-0.17546625,0.36347502,-0.389845,0.039377533,-0.039130688,-0.2393128,-0.1449961,-0.44861722,0.289531,0.10184741,0.24477494,-0.22223625,-0.5204028,0.14165464,-0.867816,0.1932886,-0.38880345,-0.19912939,-0.13672614,-0.15037803,0.29672164,0.107183576,0.27560437,-0.028657004,-0.38065192,-0.06468582,0.76796675,-0.12554574,0.6465419,-0.27170208,0.20571057,-0.12596096,-0.40029308,-0.11235831,-0.19316721,-0.0009263158,0.61796725,0.11994626,0.27770412,-0.030041516,0.1350239,-0.30013397,0.08469683,-0.5541989,-0.022789916,-0.56838036,1.0026985,-0.099145085,0.006861724,-0.46191838,0.34397197,0.2165826,0.109937586,0.10061927,-0.17591006,0.13341612,0.03615795,-0.20752442,-0.06108883,0.12782434,0.63190824,-0.030995354,0.11286054,-0.47875577,0.40255123,-0.24178648,0.12346361,0.32676935,0.47438923,0.19999525,0.09499861,-0.051073063,-0.32475096,0.311907,0.020109778,-0.29771814,-0.31776735,0.67554593,-0.13408057,-0.27738303,0.44316354,-0.031244524,-0.339612,0.22320984,0.18357444,-0.07321425,-0.3159322,-0.034240738,-0.6747993,0.39914766,0.76397705,-0.088954106,0.32283553,0.30309626,0.28219682,0.6771121,-0.2528921,0.40970212,-0.07097819,-0.4808232,0.7492374,0.54604936,0.26498494,-0.011480285,-0.08752859
-0.26652077,-0.14924656,-0.24216999,0.046091728,0.24607551,-0.18288222,-0.36970496,0.039990947,-0.90786743,-0.3197862,0.41650194,-0.40289766,0.24787068,-0.49264395,-0.75011075,-0.13643278,-0.08848947,0.006886418,0.25590894,-0.41175008,0.27799115,0.19389628,-0.5078341,-0.085079074,-0.12035397,0.25493097,-0.17777887,-0.55885744,-0.14151268,0.7722282,0.2445852,0.46239698,-0.30488,0.1038976,0.4712654,0.16872337,0.21825388,-0.14174968,0.926057,-0.29417446,0.40707514,0.39800096,0.40212947,0.19478624,-0.57732165,-0.24663085,-0.5429075,0.32294613,0.0066026524,0.420169,0.31169504,-0.22307481,0.65520036,-0.56735146,0.3931215,0.6275694,-0.033997312,0.22942686,-0.41900602,-0.6466139,0.22605962,1.0497509,-0.29945964,0.42890078,-0.20665297,-0.26618385,-0.36694425,0.10276705,-0.117854364,0.09817645,0.38781768,0.5641423,0.16925758,-0.04369137,-0.6768105,0.33297095,0.10802812,-0.12251077,0.83522797,-0.12841234,0.104043216,0.019869506,-0.12943368,-0.015090929,0.053501546,-0.18022245,0.16429976,-0.2785155,-0.46902177,-0.44976348,0.037903357,0.57389355,0.6953526,0.23784426,-0.04623411,0.25919676,0.36240798,0.2669694,0.17545219,-0.77232385,0.19640967,0.45007426,-0.49735665,0.37961024,0.31952557,-0.3280062,0.31627983,0.42042184,0.51847816,-0.24365371,-0.2976036,0.06364469,-0.07259938,-0.17306301,0.008647203,0.14402142,-0.7011865,0.8216296,-0.3415303,-0.812558,0.5274431,0.17904639,0.21343982,0.33538198,0.63069683,-0.14308986,0.30514735,0.68891776
0.17550318,0.22321896,-0.16438228,-0.19014661,0.588787,-0.13746533,0.0050059743,0.37531427,0.108977996,-0.010614853,-0.15464175,-0.019871518,0.009111889,-0.0073516034,-0.16305745,0.08403659,-0.074413836,-0.106743336,0.22052658,0.26286197,0.21732917,-0.3521703,-0.1275694,-0.017793512,0.12519976,-0.40324032,0.059279896,0.25303227,-0.07722217,0.07809262,-0.49363965,-0.18810041,0.1365999,-0.3018877,0.092246994,0.42155623,0.23599967,-0.1339206,-0.05332976,0.30072755,0.2963398,-0.0936088,0.1105459,-0.12558632,0.16082478,-0.081503004,-0.077808484,0.03360579,0.37482846,0.06063898,-0.16752976,-0.116268285,0.14949098,-0.071492895,-0.07113638,0.09942737,-0.06026394,0.076314524,0.1971922,0.0056311577,0.020932075,0.31892478,-0.22488871,-0.16824,0.22171044,-0.12709574,0.072336,0.2851178,0.18166184,-0.11012103,0.07290578,-0.012705706,-0.06908473,-0.15858851,0.2631926,0.07458086,0.24912822,0.53409463,0.18928698,0.3911106,0.18951403,0.27243948,0.0790064,0.20893356,-0.059547305,0.21111849,-0.07125827,-0.036623098,-0.24004756,-0.16160598,0.19350185,0.007302128,-0.14056484,-0.07014828,0.4504153,-0.29547372,0.19595607,-0.08836897,0.3802208,-0.15648192,-0.11686575,-0.06250979,-0.27546364,0.2638477,-0.21031298,0.17938897,-0.3191921,-0.25569704,-0.3503838,-0.047970213,0.107381105,-0.10320645,0.09555957,-0.123664275,-0.05419055,0.2741904,-0.09431178,0.5002372,0.10490756,-0.36784944,0.35584554,0.0016258061,-0.3187175,0.005955482,-0.1636093,0.28600603,0.12320243,0.14764306
-0.35826492,0.20412505,-0.35863626,-0.043688297,-1.631843,-0.21382734,0.086769596,-0.15854537,0.077383794,-0.13841182,-0.10115361,-0.09618146,0.17316315,-0.141711,0.015024468,0.22731984,-0.12511858,-0.09983354,0.0019334592,-0.14437848,0.14812493,0.03041914,-0.16442578,-0.0489353,-0.5366349,-0.24101269,-0.2594192,0.19446191,-0.07585139,0.1440115,-0.08481525,-0.042506088,-0.45076385,-0.47776753,-0.23977757,-0.25300986,-0.26288235,-0.022372141,-0.27344692,-0.011669412,0.30927747,0.4152106,-0.11451299,-0.0695913,0.029860336,0.083590835,0.0041177273,0.15543501,0.08055465,0.0129049495,-0.43030468,0.13703237,0.048515126,-0.023531623,0.17830159,-0.33577907,-0.083187506,0.010561525,0.09485334,-0.049319886,0.00319428,0.15621063,-0.57590324,-0.5408658,0.15087745,0.18484081,0.04001965,0.08896927,0.37350973,-0.21975571,0.25374877,-0.34412217,-0.07042357,0.005319342,0.32679155,-0.51291466,0.42673975,-0.17468145,0.012497723,-0.06414333,0.36506426,0.22171518,0.15483117,-0.18331137,-0.0052156225,0.38996136,-0.35219145,0.27226824,-0.20120198,-0.17085429,0.10895002,0.17679495,0.12766412,0.18844536,0.00995316,-0.14709109,-0.31092846,0.40661347,-0.2635466,0.14755955,-0.33461997,0.21823652,0.18462415,0.888953,0.53934306,-0.3333274,0.14827242,-0.0140398145,-0.18745375,0.30754638,-0.16829947,0.06219712,-0.04228738,0.2617864,0.18743545,-0.13237175,-0.39618903,0.3632242,0.10515504,0.41352937,-0.32526505,-0.0030956864,-0.16264805,-0.1189768,0.16507429,-0.19201466,-0.26354238,-0.02678391
-0.00444274,0.23852202,0.13685448,0.47782928,0.3808555,0.4333469,0.47386518,-0.8270215,-0.31510663,0.53625107,-0.01444874,-0.12622921,0.17683476,-0.1669812,-0.24705294,0.005321309,-0.18887314,0.13235629,0.077034906,-0.23502755,-0.29240713,-0.6101632,0.58501756,-0.13200082,0.30021736,0.5033673,0.40189022,0.3588499,0.2623747,-0.14328262,0.18559745,-0.09254783,0.14846253,-0.22852042,-0.97626,-0.28731638,-0.1369497,0.5373323,-0.13350193,0.35383502,-0.085659824,0.23632786,-0.32463834,0.034579605,-0.43312818,-0.20854679,0.27103364,-0.092089385,0.20679043,0.5851166,-0.51907605,-0.5760513,0.11744261,0.3612941,0.010904051,0.2999714,0.45332038,-0.12296781,0.015565038,-0.2923531,-0.004474506,-0.17512715,0.18568388,0.5043242,0.5988773,-0.31664094,-0.15686364,0.22747232,0.3491367,0.4559991,-0.35509646,-0.2783711,-0.22312349,-0.041928723,0.27607498,-0.2684406,-0.0059541464,-0.32055157,0.47091258,0.029243544,-0.47554213,0.14937377,0.70715904,0.16032323,-0.018531673,-0.48622453,-0.6620002,-0.12494965,-0.30512488,-0.19685298,-0.6538504,-0.07924828,0.08911366,-0.31681287,0.16413936,0.16582584,0.0078266375,-0.19601662,0.023800664,-0.29919615,-0.18200909,-0.24977188,0.2962067,-0.06293888,0.06209948,0.13262734,-0.3115843,-0.53288645,0.5631954,-0.19202593,-0.08924666,-0.3880677,0.14488083,-0.0032986403,0.1429002,0.2043102,0.2957651,0.16722289,0.39538276,0.21778618,0.102599286,-0.090856165,-0.27403384,-0.5733031,-0.21826763,-0.00529474,-0.24150442,-0.08953084
-0.29871762,-0.2803325,0.4708091,-0.39423552,0.23017648,0.11444384,0.5310744,-0.44864184,0.28396094,0.64533275,-0.21830553,0.40102348,-0.19887616,0.16929933,-0.20118126,-0.07509193,-0.14101596,0.07510008,0.2293948,0.009605351,0.04838652,-0.053582013,-0.16105156,0.09705289,0.39497453,0.3520218,-0.12677221,-0.35374555,-0.15610662,-0.5283847,-0.6727603,-0.17850868,0.22120938,-0.27324474,-0.3385011,0.32629967,-0.09448685,-0.4985744,-0.0299476,0.19785774,-0.1100782,-0.33921492,0.55783296,0.29588258,0.45492393,0.1685403,-0.13488847,-0.28406852,0.37485445,-0.35642186,-0.06779103,-0.5725035,0.06986492,-0.22407278,-0.077939704,-0.9775135,0.25317088,0.022054829,0.515265,0.5309783,0.46728164,0.32660562,-0.111177094,0.6901829,-0.12785862,0.22735216,0.64334613,-0.094907224,-0.566647,-0.30165994,-0.5495332,0.094576195,0.110180825,-0.098550886,0.054208264,0.51764375,-0.32227486,0.59417236,-0.786846,-0.38123563,-0.40990528,0.03523895,-0.041918036,-0.048534147,-0.031562544,-0.08464875,0.25926185,0.95737636,0.31739798,-0.6248034,0.14326775,-0.56862104,0.011384737,0.057973046,0.15853038,-0.33058017,0.105756335,0.18232454,-0.049645826,0.11613446,-0.39827606,0.016791807,0.14145869,-0.41504222,0.0101505965,-0.3342991,-0.26358226,0.18393193,0.696809,0.15744774,-0.97792006,-0.13545117,0.1614981,0.21759184,0.9150179,0.15361422,0.46189752,-0.12212413,0.58467233,0.089790925,0.29781675,-0.12933674,-0.37824106,0.2743013,-0.11638356,0.41074473,0.5067218,0.25361833
0.118314445,0.34252822,0.14511201,-0.48125383,-0.059502214,0.28723633,0.2577441,0.080789275,-0.144424,0.20191552,-0.28130862,0.53581905,0.10642759,0.44560143,0.21777478,0.3536773,-0.0071757734,0.09178223,-0.19649507,0.24324538,-0.07764231,-0.22629131,-0.17283383,0.20468828,-0.15566675,-0.19615875,-0.040351875,0.40003458,0.44456196,-0.3489732,-0.32412547,0.015688226,-0.046186104,-0.42313564,-0.07253352,0.5049026,-0.10538612,0.025440358,0.5873751,0.27477843,-0.27970833,-0.012054741,0.06331699,-0.14996608,-0.6467563,-0.13789532,-0.16396356,0.040024765,-0.022187212,-0.374116,-0.23363602,0.12895982,0.6262869,-0.52181935,-0.3248039,0.21207558,-0.1905469,-0.047319785,-0.1594149,-0.112326354,0.019269407,0.5028998,0.006591836,0.30718178,0.293843,-0.122250706,-0.5005683,-0.13169381,0.31349358,0.040165517,-0.15102775,-0.27309865,-0.3736215,0.21360466,-0.0879869,-0.12663175,-0.038486395,0.431307,0.3302533,0.18472108,-0.28611135,-0.41769737,-0.8146912,0.16059339,0.12321648,0.33451194,0.0922132,0.011353038,0.25255942,0.37974194,0.10009362,0.18599504,-0.12118736,-0.19162989,0.069337904,0.14246583,-0.482079,0.57918525,-0.15561777,0.26474664,-0.048460707,0.10094797,-0.24429545,-0.23911624,-0.23536126,0.010609858,-0.16861571,-0.4944517,0.15347463,-0.041183256,-0.060354114,0.38006258,-0.23912361,-0.13636689,-0.2916704,-0.13227725,-0.34045124,0.41661844,0.119074695,0.14889948,0.13806877,-0.20781282,-0.23298623,0.4831357,-0.28881657,-0.41178536,0.54313105,-0.12907574
-0.58978325,0.13324204,-0.44319558,-0.16518745,-0.9946794,-0.2541721,-0.14463787,0.31373942,0.8232825,-0.20325977,-0.4362647,-0.100880876,0.45096266,-0.0499679,-0.30198655,0.1686359,0.43729162,-0.10503991,-0.22806399,-0.009694181,-0.11440872,0.30143547,0.25452986,-0.8517275,-0.2852128,0.511101,0.23070309,0.36569136,-0.08843656,0.39835578,0.013265269,-0.5299374,-0.20516843,0.055419117,-0.32634693,-0.33926022,-0.12002745,0.016197633,-0.28328907,-0.32181245,-0.3489553,0.12244462,-0.09253042,-0.12602745,-0.13836026,0.4162256,0.18951981,0.21095823,-0.09193961,0.6413152,-0.43613008,-0.30812505,-0.4852092,-0.13085987,0.2479575,-0.28033346,-0.6743163,-0.3954028,-0.23733781,0.0762522,-0.19724868,-0.40283722,-0.34638387,-0.027583338,-0.09574808,-0.47261816,0.23865476,-0.13318332,-0.25984925,0.0012739226,-0.03169067,0.009311177,-0.19644101,-0.5084788,0.090589374,-0.116510734,0.3040497,0.25749606,-0.43926805,-0.5539426,0.11622975,-0.15263836,0.60796326,0.5122548,-0.57561016,0.4037291,-0.10973027,-0.07263748,0.07915894,-0.62013674,-0.2250965,0.3765712,-0.047726028,-0.05007423,0.114079684,0.45779538,0.452541,0.18956453,0.19119594,0.107850626,0.080945395,-0.24253246,0.36882555,0.6134266,0.5460319,-0.55247605,-0.3694094,-0.54306424,-0.32220477,-0.026342928,-0.19157162,-0.16360062,-0.36993152,0.026488226,0.4955141,-0.40548834,0.7179248,-0.38626853,-0.64273095,0.011140708,-0.5769263,-0.49241868,0.1112086,0.2245805,-0.3374012,0.015037138,0.2006973,-0.093661346
-0.055015765,-0.18746352,-0.05408773,-0.43656626,-0.29114723,-0.17221518,0.2482314,-0.042058438,-0.14397612,0.32633528,0.23102713,0.11137991,0.3507686,-0.019035045,0.16930823,0.49670547,-0.07164675,-0.23422347,0.3825251,0.13453594,0.32612604,0.15806998,0.3393327,0.044368826,0.07047399,-0.031377345,-0.32249,-0.062266037,0.123732,-0.38419357,-0.18451005,-0.10833993,0.08522056,0.18948393,0.07543115,0.085049726,0.0985691,-0.23754771,0.36405465,0.09922597,0.4902438,0.4034636,0.38625678,0.22675514,0.22529921,-0.3911551,0.38195094,0.45030218,0.032378674,0.0095688775,0.20976605,0.046539098,-0.22343338,0.15787457,-0.25438017,-0.06085085,-0.111999266,-0.23703964,-0.026207387,0.48714906,0.40008754,-0.75581837,-0.2520311,-0.028574891,-0.26436532,0.11637996,0.06260228,-0.04608304,-0.16630232,0.29401234,0.13249367,0.0417985,-0.2745796,0.18230037,-0.33517057,0.090576,0.44447124,0.1913034,0.060482368,0.4442839,-0.16630128,0.475931,0.2525715,-0.034529995,0.17958662,-0.17209706,-0.052698378,-0.27585644,0.06691611,-0.80778015,0.027961366,-0.47585696,0.5824353,-0.016840002,-0.19842954,0.092526734,0.47514796,0.22606099,-0.068541415,0.23151492,0.13646616,0.17424034,0.04400134,0.25657585,-0.498238,0.43395782,0.17467982,-0.44123983,0.19101883,0.029239908,-0.32275742,-0.070400186,0.006814651,0.44755164,0.39967915,-0.35206664,0.37664872,0.58073217,-0.08013183,-0.25002545,-0.17010161,-0.17642477,-0.16563864,0.043278158,-0.2747411,-0.50089264,0.27288324,0.23548587
-0.21426748,-0.16843672,-0.2974473,1.2667339,0.35058928,-0.24579307,0.18194035,0.10295827,0.06250076,0.11700642,0.21229154,-0.12549907,0.23043916,-0.0005719606,-0.0016953051,0.30791363,0.38506025,0.014648728,0.10366149,0.093940794,0.46375468,0.13298611,0.2501509,-0.31168783,0.311607,-0.16843446,0.44138956,-0.08479147,-0.45711127,0.00018743798,-0.26600477,-0.11674746,-0.17048693,-0.44164717,0.16276005,-0.78654623,0.40409422,-0.07232307,0.259456,-0.29805377,-0.11018628,0.3497641,-0.09461239,-0.14185095,0.32521835,0.34816745,-0.075786695,0.27908114,-0.4976279,0.32354683,0.020063505,-0.14948773,-0.044879448,0.191276,-0.16969472,-0.060638715,-0.02996255,-0.685235,-0.20728873,-0.020127364,-0.073207505,0.20779862,-0.09257355,-0.1662953,0.10475189,0.35283878,0.030614806,0.15991308,-0.33537853,0.37702847,-0.18581478,0.15264928,-0.053143293,-0.6053297,-0.15866165,0.4104761,0.1969607,-0.021922015,-0.06874357,0.09869838,0.059653707,-0.008265875,-0.0034574568,-0.19769159,0.118526176,-0.01914794,0.023390107,0.5168398,-0.14447962,0.45144555,-0.09638523,0.24463107,-0.24373908,0.3216256,-0.1955593,0.22779664,0.49103794,-0.09773266,-0.17101255,-0.35034963,0.35642564,0.0730144,0.041334033,0.09679236,-0.26570696,-0.4016416,-0.1166891,-0.60800713,0.06387982,-0.3981529,0.1654518,0.36613587,-0.05519229,-0.09706488,-0.33469278,-0.009863605,-0.24455321,0.008397251,-0.24828868,-0.08766395,0.2517134,0.25224736,0.22230133,1.1618406,0.25407395,0.23543754,0.24822085,0.032576468
0.20401561,0.30365255,0.5225412,-0.6723844,-0.48387948,0.051496938,-0.19985132,0.3395571,0.2066454,0.18283994,-0.20969698,-0.060377114,0.4905312,-0.08408576,0.07223234,-0.04987909,0.23630124,-0.34922513,0.025035402,0.20527965,0.19750756,-0.19586007,-0.49274457,0.19679266,0.012532225,-0.38893548,-0.29500845,-0.03776954,0.12960564,-0.31153888,-0.6850099,0.36455816,0.48586816,-0.1696633,-0.1267851,0.7040707,-0.2085014,-0.40077642,0.12922144,-0.6967857,0.11367365,-0.0015497804,-0.3663237,-0.37460002,0.43839052,-0.39677647,-0.15339462,-0.2388891,0.31758016,0.17525944,-0.030660287,0.009267308,-0.2756393,0.15658762,-0.06356464,-0.10309702,-0.38527656,-0.094707936,-0.2923864,0.085895784,0.73708934,0.44855908,-0.08143522,0.5172429,0.24031708,0.2050178,0.15989093,0.009341948,0.24694209,-0.101191886,0.20911238,-0.22709483,0.02264671,0.24048428,0.049189433,0.085475,0.34387365,0.471098,-0.013361275,0.12023365,0.17221034,-0.47419348,0.0075735897,0.32740453,0.13534462,0.21674448,0.056712735,0.014454835,-0.36955523,-0.1697352,0.000740882,0.11596328,0.11305505,0.01164026,0.09983961,-0.028134488,0.048353918,-0.32248813,-0.23071411,0.48331323,0.0029529072,-0.21165211,-0.10007778,-0.1324639,0.0959498,-0.34077987,-0.34752396,0.051380232,0.41745034,-0.44134068,0.25166553,0.33639646,0.1699061,-0.25553653,-0.24864753,-0.40369606,0.20888631,0.49677777,-0.11999631,0.3456899,0.23988113,-0.30105886,-0.3044621,0.55606174,0.06810551,0.13213344,-0.361468,0.039058153
0.36111048,-0.21033111,0.103493415,-0.046156764,0.16160752,0.12883708,-0.0108584985,0.22313935,-0.5185916,-0.25343683,0.16925578,1.0308458,0.030027546,0.31913143,-0.59428704,-0.19629523,-0.20108126,0.3174947,-0.18221235,0.8327751,0.30415386,-0.14553665,-0.05395122,-0.18671906,0.67225564,-0.5254475,0.17848057,0.24888784,0.3875684,0.21906509,0.29583803,0.11534201,-0.27841586,-0.59534883,-0.77651864,-1.0871792,-0.073171526,0.42605874,-0.09103275,0.1011382,-0.18410426,-0.756706,0.16353247,0.5233874,0.0044302233,-0.12611476,0.18380612,-0.44452596,0.21137235,0.03931593,-0.32109737,-0.6383598,-0.33781952,0.0008996129,0.38091373,0.31950983,0.18690264,-0.111788765,0.271705,-0.02344915,0.25311562,0.60237783,-0.015249319,-0.75071824,-0.92464197,0.391133,-0.03471724,0.09111408,0.15751678,0.12782484,0.016794726,-0.45208493,-0.16308424,-0.21933909,-0.68656963,0.007124454,-0.2262449,-0.020642202,0.21713287,0.023865186,0.13642168,0.7502867,-0.07713103,-0.015303854,0.022648484,0.09794251,-0.053002235,-0.21724086,-0.15637872,0.8602779,0.26251522,-0.006870143,0.02590087,0.34969115,0.094091915,0.18262875,0.53448766,0.1005359,0.26770788,-0.69434434,0.09518472,0.17202675,-0.7280702,0.50439525,0.047198623,-0.08435398,0.060187116,-0.16788593,0.3528407,-0.19991776,0.61209774,-0.19351245,0.3252674,0.21972893,-0.34935722,0.41338304,-0.24067827,0.65349865,0.12656878,-0.19745448,-0.025561772,0.47443873,-0.3107454,0.8962574,0.04888381,-0.052101053,0.15085433,-0.35058072
-0.28089845,-0.0056158453,-0.042338137,0.71960807,0.08494675,-0.2613608,-0.20521405,0.045877457,0.19016695,-0.57560474,-0.05346483,-0.801173,0.090457715,0.09055328,-0.32247108,0.3362687,0.69206595,0.1305461,-0.10645521,-0.1777283,0.23523608,-0.18869075,-0.06184138,-0.22751005,0.6236787,-0.16960624,-0.17530453,-0.08885822,0.37138999,0.7845442,0.3624888,-0.49565563,-0.3178839,0.251051,0.3463155,-0.32276246,-0.1343064,-0.11466665,0.735571,0.36421877,0.060866438,0.014738977,-0.34946012,-0.614325,-0.87687427,-0.2668482,-1.4115932,0.12504458,0.21523759,0.5239291,-0.17208445,-0.20816751,0.05917614,-0.2528037,0.21075591,-0.23782825,0.4015299,-0.51554126,-0.123791024,0.34020934,0.24866481,0.84333575,-0.03219095,0.072526306,0.23923588,0.007935278,-0.71969664,-0.52867067,-0.098234564,0.100903615,0.31782854,-0.09577784,-0.55752563,0.12999938,0.16435164,0.2055844,-0.0077667907,0.21615365,0.35282964,-0.49259454,-0.07500622,0.3688212,-0.45199817,0.7961185,-0.38752297,0.5646632,-0.8365583,-0.15865989,-0.9024825,-0.41691414,1.1346027,-0.4513022,0.24687396,-0.05892493,0.22863512,-0.4640783,0.38818792,-0.13949364,-0.11561851,-0.5120167,-0.2971807,0.06997082,0.16834816,-0.19929855,0.13489236,-0.54893255,-0.23312786,-0.4103977,0.45151746,0.13969089,0.2670321,0.39333382,-0.16916947,0.23236814,-0.28238702,-0.35205472,-0.95988446,-0.24717617,-0.47056073,0.09531778,-0.056735497,0.38509968,0.44721085,0.8956422,-0.103808835,0.4016858,0.039922822,-0.45971748
0.25417343,-0.015845865,-0.23997092,0.67501974,-0.13119702,-0.02073525,-0.14299029,-0.07641615,-0.29479298,0.3568113,0.23102279,-0.15380116,-0.06365524,-0.26599705,0.015990153,0.27666628,0.26598316,-0.17705473,0.4148845,0.5302017,-0.3863817,0.20712182,-0.0624886,0.25452495,0.9875943,-0.55715925,0.026226815,0.5403596,0.038821913,0.31951025,-0.109461844,-0.76116884,-0.2632615,0.4159655,-0.44915232,-0.6780377,-0.0014159828,-0.053486887,-0.06279127,0.34405988,-0.6632776,0.099549085,-0.06383233,0.30563056,-0.35485354,-0.2656829,0.20997046,0.01639971,-0.14793667,0.46314073,-0.25997785,0.3282559,0.21250024,-0.25960848,-0.2523759,0.19460356,-0.35287774,0.15718251,-0.24160585,-0.14185596,0.2301533,0.30914962,0.51188284,-0.2171853,-0.34204987,-0.4122122,-0.24826008,0.19287868,0.24659441,0.29929003,0.07349782,0.1825292,-0.43559754,0.17872746,0.4201085,-0.025244579,-0.14841378,-0.44757926,-0.15656516,0.2716105,-0.02352278,-0.48880318,0.10632834,-0.44097278,0.24189177,0.4461517,-0.16894655,0.17152351,-0.20602174,0.31013817,0.039547317,-0.09598272,0.5866767,0.07610398,-0.30604926,-0.57316285,0.562595,-0.465189,0.43417996,-0.56838036,0.2330854,-0.26527068,0.35794395,0.30344212,0.10322534,-0.16552615,0.3463016,0.014043868,0.17746362,-0.09282488,-0.4390949,-0.022846103,-0.3791514,0.037205677,-0.076113515,0.3111173,-0.37773854,0.24329755,0.2735882,-0.074436426,-0.37351745,0.075668216,0.55128956,0.86922127,0.22132026,0.15327461,0.6666525,-0.10134332
-0.10480691,0.20478512,0.25944412,0.7840586,0.15229209,-0.19363329,0.44941473,0.272299,0.2584539,0.32161903,0.21468122,-0.03428264,-0.28954342,-0.22643615,-0.35149282,0.16001777,0.41132504,-0.17728403,0.059934005,-0.39624703,0.3304031,0.046530858,0.33019334,-0.09664154,0.17108926,0.5302093,0.4108293,0.29479095,0.20451933,-0.09167692,-0.15001906,0.07850367,0.12502003,-0.06294477,-0.087084725,-0.5971168,-0.32757175,0.29002842,-0.47651762,-0.0022583455,-0.37546176,0.18921208,0.21683337,0.03668093,-0.7143767,0.7301081,-0.14291792,-0.15137048,-0.039261535,0.18394066,-0.32095736,0.18453799,0.0019312054,0.13232414,-0.25464043,0.16333446,0.5847734,-0.42176014,-0.23659596,0.10650329,0.453889,0.026205499,-0.20875442,0.0125180185,0.41571808,0.018890738,-0.10387785,0.11031015,-0.030596279,0.4790843,-0.12893757,-0.16419087,-0.05597186,0.003101781,-0.3749956,-0.3048873,0.4536342,-0.40702516,-0.0012340248,-0.27219278,-0.40172833,-0.19322422,-0.008844629,0.09705767,0.38484973,-0.03707671,0.20579657,0.14891982,-0.3435845,0.16156596,0.05101365,-0.22323358,-0.11435062,0.520281,-0.51059705,-0.44071284,0.16985008,-0.13023557,0.39453334,-0.18601826,-0.025937364,0.044962868,-0.42046958,0.042538248,-0.121301234,-0.24108845,0.38899943,0.008815646,0.65575194,-0.153656,-0.33991438,0.053838342,0.44515768,-0.035134196,-0.6534559,0.40609178,-0.12750852,0.0514199,0.08399893,0.16427872,0.24285676,-0.27196375,-0.04574884,1.3806615,1.0012414,0.39250383,-0.010787769,-0.33198333
0.027566474,0.11463537,-0.035450228,0.553314,-0.15348771,0.18162574,0.09191643,0.317272,0.063670665,-0.050147973,-0.21027267,-0.053737335,-0.028142609,-0.1483622,-0.49268043,-0.008863285,0.4154675,-0.55183965,0.115997024,0.3197587,0.09755,0.35237762,-0.49828848,-0.455683,0.6833158,-0.2963757,0.38410208,-0.38763532,0.10664719,0.2836852,0.17947438,0.19621319,-0.5825929,0.060094453,-0.45552942,-0.74228173,0.16943055,-0.11518234,-0.37490594,-0.06169881,-0.073471874,-0.0007888675,-0.34203282,-0.0151479915,-0.21979992,0.38434747,0.14883086,0.15455517,-0.24877064,0.77035844,0.2761112,-0.05357413,0.27044564,0.09306043,-0.47383898,-0.20810485,-0.1602936,-0.1308587,-0.44482842,0.34316298,-0.06548312,0.56898975,0.42413566,0.007008411,-0.4082318,0.278207,-0.11436308,0.017296834,-0.27248913,0.32433876,-0.6647895,0.7130746,-0.037364736,0.29477856,-0.20224254,0.5127628,0.27278262,-0.30346534,0.20879106,-0.35851723,0.33767188,-0.20275554,0.29788762,-0.16486834,-0.05285938,0.23016363,0.16267657,0.25664312,-0.6025879,0.5265519,-0.116451755,-0.23303229,0.6987767,0.3202886,0.25544104,0.016297549,0.5093208,-0.24787493,-0.17638913,-0.7068752,-0.08593242,-0.07186912,0.17266312,0.11288972,0.000461936,-0.035175696,-0.30918884,-0.05057606,0.5731752,-0.30139533,-0.21771577,0.0071272645,0.07994819,0.2257105,0.21510178,0.3924964,-0.40117157,0.2652802,-0.038207293,-0.8320979,-0.1484124,0.44156986,0.20165774,1.0200028,0.34297785,-0.26856476,0.25213784,0.22708145
0.4795967,0.10825157,0.4979598,1.2385082,0.5025471,0.30742532,0.16706383,0.19690138,0.4444032,-0.20216542,0.028827496,-0.33440125,-0.5359386,0.034153596,-0.48851138,-0.06885368,0.031644233,0.34745246,0.69184774,0.8378685,-0.09004271,-0.08837458,0.02325714,-0.54295385,-0.20567343,0.32533264,-0.42014828,0.19441082,-0.24682926,-0.34612095,-0.37516075,-0.32353693,0.33388767,-0.07430378,-0.12339175,-1.0623152,-0.12980501,0.6061612,-0.22319835,-0.256593,-0.11781484,0.052234143,-0.14976591,-0.56442934,-0.297446,0.11998537,-0.014628705,-0.23211756,-0.5545571,0.46616647,0.21660393,0.5570423,-0.3088934,-0.35759285,0.101358086,0.8552765,0.1502984,-0.56054115,0.1274812,-0.6552497,0.23824196,-0.19324897,-0.26216784,-0.04414841,-0.53011984,-0.08670742,0.17709532,0.37175006,-0.041740265,0.595073,-0.20460416,0.09825352,0.41577527,0.112612195,-0.3193298,0.35898626,-0.080658235,-0.68127054,-0.14011776,-0.16593428,0.05986545,-0.04622236,0.4911617,-0.4738189,0.3087326,0.1107845,0.11563183,-0.80528396,-0.09783566,0.483697,-0.41009966,0.41110343,-0.023188505,0.11867024,-0.37513185,-0.29759935,0.09687728,-0.06562348,0.15210848,-0.25631058,0.24912882,0.2053748,0.3990645,-0.33613485,-0.36631036,0.07170574,0.23050861,-0.6140221,-0.19956565,-0.21975687,-0.16657117,0.23901254,0.10199736,0.25659585,-0.40322694,-0.4667136,-0.49840763,0.23694028,0.37642592,0.2792997,-0.25504166,-0.5322613,-0.22026572,0.7023145,-0.05139582,-0.14903106,0.12183598,-0.5109197
0.39402473,0.03289257,-0.43143994,1.0458498,0.39717808,-0.5281681,0.2577442,0.553591,0.37921745,-0.21705708,0.0626787,-0.062461194,-0.23045506,-0.086682335,0.005839929,0.11808908,0.52697015,-0.30870622,-0.20710404,0.38013616,-0.075351015,-0.021131381,-0.24572495,-0.65619045,0.020161584,-0.13871613,0.2462894,0.37741876,0.43546575,0.07243773,0.07718012,-0.50397587,-0.1245869,-0.0454057,0.2237102,-0.62677205,0.021645844,0.5730492,0.2081385,-0.39751744,0.21936579,0.31906042,0.036062334,0.21412466,0.03611671,0.074943334,0.15354706,-0.45094904,0.12435877,0.33209914,-0.49192685,-0.09598726,-0.43096703,-0.19720754,-0.38649493,-0.2828794,0.2353039,-0.045928776,-0.014169455,-0.4441589,0.38104215,-0.23770401,0.15968055,0.21674913,-0.42807,0.031404756,0.5036075,0.13380353,-0.1563081,0.026646197,-0.5312901,0.28804684,-0.29499152,0.40101779,-0.18013793,0.40286306,-0.120963514,-0.11061809,0.06414227,0.15637791,-0.18254156,-0.7848345,-0.0027174503,0.14400718,0.22114184,-0.6746496,-0.12925455,-0.28202087,-0.57653403,0.19906224,-0.14019889,-0.032716505,-0.3599255,-0.063070655,0.10688385,-0.18359512,0.41228062,-0.15312509,0.63693976,-0.28942323,-0.19598144,-0.6777221,-0.07836539,0.06307751,-0.12112765,0.123983756,-0.00831376,-0.11160735,-0.27380353,0.15473905,-0.7529491,-0.4907322,0.50653476,0.20241947,-0.5353898,0.10410017,-0.3413632,0.30190265,0.60137177,-0.051228642,0.24257231,-0.28741607,-0.02267882,0.67598057,0.32681084,0.3766169,-0.40177476,0.013568513
0.4329365,-0.4352333,-0.16743378,-0.44519937,-1.0494287,0.244643,0.009280512,0.15071386,0.07991532,0.28505325,0.17606418,-0.012769774,-0.2070994,0.4174736,-0.1992342,0.105222024,-0.021397837,0.2819997,-0.40351817,-0.071507186,0.24594942,-0.27861568,0.1909763,0.45411658,-0.37211567,-0.18530768,-0.026187202,-0.52880347,-0.46640566,-0.26628417,0.26038754,0.38218498,0.12200287,0.24281406,-0.13346106,-0.48216754,-0.11645202,-0.14217085,-0.040214427,0.29357952,0.4244572,0.14696978,-0.2840627,-0.13291653,0.47329858,0.3110197,0.02973789,0.5683645,0.28163254,0.18448798,-0.19105849,-0.4019261,-0.120295346,-0.07015392,0.21644935,-0.4295558,-0.6282233,0.22400817,0.13090438,-0.32363975,-0.5297124,0.08742079,-0.14793536,-0.7029782,-0.36179113,-0.072645135,0.4366331,0.3075673,0.1123942,0.016397126,0.26737252,-0.21060115,0.23386271,-0.3362444,0.027553737,-0.3427648,0.14709747,0.035043016,0.24275646,-0.35313845,-0.10637424,0.1524299,-0.007933557,-0.045434326,-0.42136347,-0.018779173,0.026075155,-0.71131736,0.20486477,-0.49882638,0.5657446,-0.12052861,0.3379467,0.3266702,-0.23135903,-0.036205184,-0.053564943,0.6854423,-0.24315785,0.6174408,0.5859653,0.35971695,0.56408125,0.32608616,0.47058073,0.3874749,-0.06279245,0.003699623,-0.1692473,0.09751471,-0.16007099,-0.017522663,0.06135173,-0.13180451,0.84671533,-0.5595244,-0.08425324,-0.21560964,0.25138712,0.14814286,-0.013663154,0.16535136,0.22004066,-0.020496994,0.43313015,-0.12970832,0.00027405843,-0.2622896
-0.11760211,-0.11858849,0.077366725,-0.38270342,-1.0382357,0.186138,-0.34418038,-0.81762964,0.13041896,0.5279182,0.18174085,-0.196459,0.20634943,0.6468705,0.112248264,-0.19552846,-0.2561566,0.60616946,0.19006945,0.09298328,-0.014398601,-0.7022126,-0.2822605,0.04073342,0.22919399,-0.21601567,-0.4450257,-0.46172908,-0.052730773,-0.3398651,-0.23848101,-0.3697046,0.38116932,-0.68293935,0.25180078,-0.6809177,0.0018746778,-0.2538232,0.026525177,-0.020814732,-0.35580346,0.41110975,-0.84454787,-0.29010397,-0.21665168,-0.13703755,-0.30877376,0.24788974,0.34093314,-0.80613726,0.09532958,-0.033944905,-0.5069779,-0.32832727,0.71618414,-0.18364462,0.3898978,-0.7605892,-0.2543095,-0.6911368,0.37275884,0.14915109,-0.72188896,0.18840533,-0.13120535,0.1116345,-0.9195241,-0.09714181,-0.077494204,-0.46665218,-0.058171734,0.1282347,-0.4265047,0.0807683,-0.1210043,0.02190584,-0.5652448,-0.071438886,-0.4690791,0.40423486,0.32812056,0.061577193,0.22459415,0.5171536,-0.6992816,0.31910375,0.65668994,0.08059029,0.07469821,-0.19212838,-0.18950948,-0.2886922,0.15948752,-0.8794008,0.43527633,-0.83684844,-0.124903455,-0.41164872,-0.38976315,0.81860983,0.19292465,0.065171644,-0.48230544,-0.41848865,0.003223177,0.22211021,-0.23230952,-0.8549698,0.4621883,-0.18805154,-0.109746724,-0.3295229,-0.12672475,0.5837743,-0.3389024,0.32359928,0.09078466,0.3160237,-0.53481853,-0.31115055,0.15605438,0.15387355,-0.4259405,0.60084236,-0.18038917,0.15934534,-0.12524086,0.42603737
0.46072638,-0.09048532,0.41113913,-0.6237843,-1.0144488,0.3813499,-0.3388927,-0.0767369,-0.23982583,0.16191201,0.012349248,-0.31064638,0.08316408,0.13831823,-0.25586668,0.14514561,-0.13481072,0.1256324,0.01280161,0.23078036,-0.85989505,-0.21855932,0.6515775,-0.267917,0.080311164,0.49940318,0.18094066,0.22113933,0.13379128,-0.49052972,-0.4308966,0.2460361,-0.69003916,0.15404771,-0.011541551,-0.45504147,-0.4078388,0.5740349,-0.35317475,0.13898568,0.45031774,0.00322029,0.061773505,-0.06604373,0.17186166,0.2517339,-0.038667675,-0.35916382,0.21987504,0.17093657,-0.32155168,-0.6056752,-0.275672,0.22678739,-0.3158701,0.11796225,-0.3002445,-0.5897268,-0.11244577,0.22690015,-0.7547648,-0.29308674,-0.33209768,-0.32409793,-0.024708197,0.74781483,-0.039818585,0.5132431,-0.04210409,0.041986875,-0.019442579,0.4166477,0.16906305,-0.51542014,-0.06299095,-0.4197339,0.28754774,-0.23078388,0.15328339,0.23791462,0.38115078,-0.10316345,0.1671507,-0.38504878,-0.26019734,0.17048581,-0.23744385,-0.15658805,-0.50950974,-0.073390484,0.052274086,-0.08480854,0.25797576,-1.0935992,0.68553364,-0.25353414,0.07299728,0.016993426,0.04556655,0.36108792,-0.30148813,0.15353361,0.22691156,0.35073447,0.50370055,-0.4450419,-0.15500815,-0.2418422,0.3704574,0.63735986,-0.3333745,-0.06728086,-0.047837872,0.14671606,0.19252017,-0.22697747,-0.34520918,0.32415986,0.012667023,-0.01810684,0.30571866,-0.0010492764,0.6175923,0.077720985,-0.3235432,0.123458296,-0.35798985,-0.17706399
-0.7824261,0.37533164,-0.36042008,0.00943321,0.12047454,-0.2098236,0.054806843,0.16575345,0.19928467,0.18067013,-0.58314395,-0.4842801,-0.030219523,0.30326352,-0.12635484,0.025774438,0.099341355,0.5154183,-0.22911903,0.3127097,-0.16805866,-0.869353,-0.31252214,-0.4589624,0.082165346,0.4914302,0.24846004,0.19730708,0.09501376,-0.6578616,-0.10886668,0.50003123,0.3289506,0.00943806,-0.1329379,0.011228889,-0.25391933,-0.8509829,0.32597494,0.1111459,0.516257,-0.00274726,0.06329547,0.026728295,-0.047375657,-0.1239637,-0.15939249,0.025253855,-0.32383755,0.5463281,-0.3653038,-0.19267133,0.24045803,-0.16895148,0.48080575,0.17837533,0.030731622,-0.3140249,-0.5671106,0.22694275,0.29551426,-0.30196133,-0.5973645,0.6129122,-0.2382935,-0.45709142,-0.1353015,0.20015754,0.15711063,0.5018897,-0.20749278,-0.64697576,-0.24862337,-0.15453874,0.090061285,-0.17951262,0.5603439,-0.35164076,0.22973348,-0.14627346,0.08524557,-0.35975608,-0.008171435,-0.33807892,0.40342963,0.30241495,-0.02750954,-0.3284965,0.31179613,-0.9369541,0.6433563,-0.18881783,-0.3705074,0.51114875,0.36806569,0.42396846,-0.36509675,0.6608114,-0.20947006,0.46078527,0.23712134,-0.2512201,0.28315932,-0.26701093,-0.12640446,-0.41829026,-0.30483285,-0.21946056,0.13923739,0.52076566,0.12750188,0.116711654,-0.38336602,-0.25442722,-0.9111059,0.1020555,0.55366766,0.3527861,-0.8490798,0.6918083,-0.22271809,-0.056224514,-0.51313746,0.08143399,-0.56842506,0.9349841,0.1106835,-0.12134426
0.017833954,-0.2688495,0.09088852,0.09036094,-0.6336862,0.46029866,-0.053001806,-0.41786838,-0.5985604,0.20863669,0.08933743,-0.052264474,-0.03729726,0.725479,-0.40940133,-0.1675219,0.43988082,-0.16212624,0.5225287,0.033790633,0.23107058,-0.65188587,-0.3178836,-0.12489194,-0.069579884,-0.16323155,-0.50846577,0.4853701,0.81682587,-0.39206272,0.47559512,-0.1053826,-1.2554979,0.31783658,-0.5379311,-0.4117642,0.37336913,-0.30761635,0.799989,0.8550824,0.25690788,0.292539,-0.044922233,-0.25318295,0.2120117,-0.2919007,-0.45518452,0.41382697,-0.37933007,0.30525762,-0.11031975,-0.27466395,0.21331932,-0.30095032,-0.5384075,0.092522465,-0.28848648,0.22413504,0.2457979,-0.08687725,-0.3981178,0.1052382,-0.5662261,-0.6221554,-0.14324018,0.19209057,0.31514454,0.23279935,0.59726536,-0.14807986,-0.19083306,0.050215937,0.4553918,0.2096391,0.57150865,0.42938924,0.07951753,0.32177448,-0.15653318,0.015316121,0.37902772,-0.19589831,-0.60351986,0.03052056,0.124987215,-0.5997263,0.4563495,0.20804138,-0.25893757,0.05791472,-0.10940248,0.14379114,-0.21178739,-0.3988005,-0.36083722,-0.11661042,0.42669487,-0.41268563,-0.17690052,0.21481146,0.035081886,0.6842772,0.19785368,0.31178072,-0.06785374,-0.24447122,-0.44851655,-0.2166912,0.20594619,-0.21442881,-0.14612564,0.01574861,0.36585742,0.58372974,0.19168663,-0.023371257,-0.014276274,0.066035144,-0.22405654,0.2178933,-0.522754,-0.2919756,-0.24576001,-0.34608763,-0.4463962,0.35797393,-0.15028323,0.0025402885
-0.35878792,-0.03415178,-0.14100623,-0.5126835,-0.9568722,-0.03852828,-0.026425373,0.51960903,-0.29233316,0.22222063,-0.35694835,-0.35284704,0.28521794,-0.19216438,-0.4337624,-0.39860898,0.14703093,0.20738065,0.06737962,0.08288613,0.45917147,-0.22908145,0.018488431,0.19524339,-0.0779396,0.34518325,0.5763473,0.51038635,-0.43806735,0.7996024,0.16427402,0.048122846,-0.071888186,0.22910033,-0.20665367,0.10695668,0.02200824,-0.13488093,-0.6032076,-0.2430445,0.5246243,0.47622123,-0.07040733,0.12950449,0.60942507,-0.08660792,0.5309487,-0.5490859,0.92650986,0.5311585,-0.29806662,-0.6776411,0.3713905,-0.19881098,0.10754171,-0.062460408,-0.33148965,-0.10484705,0.47891504,0.05722022,-0.59844357,-0.80036545,0.28092727,0.4497805,0.46395466,-0.33547547,-0.20183505,-0.27453703,-0.19631173,0.27479455,0.20572367,-0.3441223,-0.39737204,0.94420254,-0.023943305,0.13331644,0.66749024,0.22093552,-0.6959084,0.0012794789,0.22227852,0.34917003,-0.19733873,0.030717598,0.24910454,-0.4047098,-0.109418854,0.41200197,0.08593872,0.077378154,0.15971218,-0.31660634,0.17354695,-0.6241216,0.13283598,0.81027496,0.36338526,-0.16276392,-0.942047,0.15838653,0.55928344,0.4189983,0.22330113,0.3196889,0.5381426,-0.61259794,-0.29409415,0.019198239,0.07133209,0.3781598,-0.25751987,-0.3807743,0.31378487,-0.22865815,0.19585882,-0.6941708,0.010406893,-0.24574894,-0.11099361,0.053551286,-0.15329626,-0.060301926,-0.35778695,0.03863872,-0.75624305,-0.43149197,0.6339782,0.38501057
0.34391785,0.16705002,-0.49437654,0.013943464,-0.115283504,-0.2668299,0.024318635,0.13417822,-0.6041731,-0.10910121,0.16742606,-0.16100365,0.2148409,-0.22972201,-0.30017173,-0.35060784,0.014720872,0.13726792,-0.027286801,-0.64447,0.1712704,-0.18256655,0.42607996,0.53786117,-0.068103775,0.5816162,-0.58353764,0.6568283,0.23085798,-0.17849979,0.05064739,0.4416415,0.17055154,-0.62090737,0.35943043,-0.3943964,0.32340768,-0.21993628,-0.043215014,0.4060086,0.20836149,0.28301653,-0.11649184,0.24958722,0.1741128,-0.42173228,0.009648234,0.026055764,0.6067432,-0.68992794,0.028416442,0.06159754,-0.16350909,-0.09673395,-0.25979483,0.13343614,-0.2321724,0.050289318,-0.06937975,-0.23591726,-0.22278012,-0.47218195,0.27490377,0.38341558,0.004083905,-0.1290623,0.20519927,0.040857773,-0.12912683,0.0149236545,0.31702733,0.032101043,0.38333708,-0.06288469,-0.278908,0.36409023,0.53388715,0.19557932,0.43605882,0.27633807,0.39949703,0.37870112,0.13241768,0.68483543,0.2044101,-0.53769374,0.07630408,0.893189,0.09217523,-0.24437256,0.28397423,-0.42729062,0.104668766,-0.21139327,0.22621416,0.8964212,0.32061347,-0.527863,-0.14498833,-0.21359088,0.075538404,0.0028722733,-0.20449263,0.14223251,0.06892961,-0.12622397,0.26750362,-0.19475253,0.43877858,0.25399968,-0.05347562,0.085267015,0.25578582,0.30379844,0.28137362,0.15899356,0.167306,-0.44635206,0.027136184,-0.117442,0.11539666,-0.25854242,-0.16004045,0.16256753,-0.37996244,-0.52594304,-0.062098145,-0.3325177
-0.10604659,0.46159387,-0.07985393,-0.5399198,0.04869444,0.20677817,-0.24027322,0.1028814,0.6288752,0.12112838,-0.37726372,-0.3770203,0.9083423,0.11754506,0.15436476,-0.18629408,-0.30496722,-0.01000317,0.17750287,-0.28662488,-0.3093182,-0.6424792,0.5832195,0.18588151,-0.40957475,-0.2548942,0.12780589,-0.79599243,0.18555552,0.34900558,-0.06975922,-0.13791262,0.16646783,-0.09361956,-0.14883083,0.40758425,0.35803306,0.69906455,0.38740665,-0.05846414,-0.025619961,-0.29707873,0.27060547,-0.17772526,0.1319683,-0.069407105,0.0012130439,-0.46303922,-0.07326582,0.12672421,-0.5606632,-0.16913831,0.3225358,0.36428258,-0.06600981,0.13103816,-0.029666938,-0.092350185,0.3785517,0.15210363,0.26599076,0.8119751,0.3747619,0.5168911,0.35044727,0.010317706,0.2704288,0.4113028,0.4000275,0.09060377,0.5119406,-0.59722644,-0.031232722,-0.17919281,-0.13000855,0.20767538,0.34967104,0.72176754,-0.23924552,-0.37439469,-0.10650156,-0.722265,-0.27894098,0.1529299,-0.02053519,-0.11010449,-0.32915464,0.1876577,-0.1854343,-0.60481066,-0.041168008,0.75289667,-0.025096776,0.52095836,0.014064934,0.11751082,-0.26228124,0.098389365,0.09323368,0.3669964,0.33365512,0.23026621,0.18098661,-0.22675918,0.23602802,0.55608714,-0.2629209,-0.48519403,-0.14549837,0.39090165,0.17023614,0.02683769,-0.4019975,-0.3413779,-0.14733735,-0.2720611,0.18623354,-0.20731778,-0.19873106,0.25812823,-0.49075896,0.24431688,0.20930181,0.16642073,0.2060497,0.060640216,0.2106874,-0.09219717
0.23662241,0.21000274,0.08902776,-0.34104428,-0.5727089,-0.19233449,0.18591174,-0.0012497604,0.05650773,0.74982345,-0.16560285,-0.49092853,-0.30070716,0.63664895,-0.1089381,0.5918019,0.2567107,0.086224556,-0.06800391,0.46722186,-0.51039255,-0.0009101629,0.17901722,0.19718541,0.107443094,0.5098407,0.6264004,0.15033196,0.32857168,-0.20342112,0.18120484,0.44742686,0.14740026,0.0755524,-0.82426363,0.10674677,0.12414329,-0.25128162,0.26522136,0.5521573,0.003667634,-0.13318242,0.060369592,-0.46926537,0.40293086,0.15686715,-0.35718706,-0.17867403,-0.21514796,0.66663474,-0.17469312,0.18347704,-0.21729626,0.5825095,0.13096109,0.031975277,0.32395127,-0.11906661,0.14213198,-0.5896063,0.032263316,-0.39617825,-0.18260883,0.7865814,-0.4268734,0.041972645,-0.061465614,-0.08596012,-0.0004734043,-0.4564932,0.017192505,-0.21645436,-0.42703092,-0.0419306,-0.23611619,-0.18940857,-0.01134856,0.043150406,0.4969697,-0.593169,-0.22254905,0.51521975,0.05674466,-0.12540388,0.23122387,0.084365934,-0.17601307,0.6665349,0.13332707,0.228293,0.33067876,0.30414143,-0.4469449,0.01124843,-0.16876015,0.24702084,0.10371674,-0.25616142,-0.03246736,0.1615141,0.47554934,-0.08441316,-0.053556293,0.20728327,0.3129408,0.32291704,0.27674177,-0.06891924,-0.016393557,0.3445154,0.23930787,-0.3867626,0.368685,-0.007091157,-0.07793601,0.1739755,-0.08447381,0.24319017,-0.06549919,0.21116811,0.4489925,0.2691141,0.11492563,-0.010562735,0.326625,-0.008352056,-0.4546838,-0.033091016
-0.35797045,-0.14148223,-0.34455615,-0.5618135,-0.41716844,0.17599194,-0.15380758,0.7358901,-0.011594707,-0.2957705,0.19003728,-0.0050161853,0.33179674,0.46261713,-0.08473824,-0.009711286,0.30898833,-0.2765748,-0.022179864,-0.11555222,0.09251555,-0.18705939,-0.13981931,0.47506955,0.22602853,-0.46156424,-0.044248886,0.037616678,-0.233366,-0.5015651,-0.15253535,0.31721994,-0.043267734,0.09379256,-0.19235131,0.120493144,-0.31195983,0.4915889,0.122495346,0.24380039,0.14431645,0.00017876923,-0.073465005,0.090198606,-0.43272427,0.45925412,-0.2923286,-0.124684535,0.20437978,0.41639438,0.25681198,-0.3520414,0.20787099,0.40643647,0.06236469,-0.37857735,-0.22588244,-0.095218435,-0.2535549,0.5108802,0.017172074,-0.35606492,-0.017291255,-0.05367531,-0.5777146,-0.4813921,-0.06420229,0.016097166,0.0073422343,-0.22062194,0.28995124,0.26129746,-0.07545151,-0.28130317,0.37916318,0.01767232,0.19280645,0.03679353,-0.1661201,0.104882866,0.16047432,0.035333373,-0.28417745,-0.07522325,-0.34957206,-0.14468393,-0.17125085,-0.41216344,-0.05773518,-0.095414214,0.001321964,0.2581609,0.34089583,0.24065304,-0.121531,0.060988136,0.26403433,0.28376514,-0.0088737365,0.5480543,0.13924232,0.10923864,-0.2792971,0.57081795,-0.10604289,-0.52466285,-0.631326,-0.3502944,0.1253919,0.037371065,0.0776287,-0.18973905,0.6011179,0.3148342,0.45198375,0.5718803,-0.36089402,-0.028905123,0.14641485,-0.26807135,0.41904455,0.014228046,0.1795625,-0.11013789,0.12083553,-0.021464795,-0.10237639,-0.1924243
0.21627183,0.55454046,0.0010040514,-0.40044695,0.10788061,0.16765176,0.6418468,-0.060002737,-0.19415693,-0.1917302,-0.03669978,0.21392371,-0.21918659,-0.40514895,-0.74556375,0.1814015,0.41297966,-0.15461801,0.2725122,-0.006631028,-0.06039442,-0.27153897,-0.14436804,0.5820604,0.23019525,-0.014847599,0.08949099,0.45459038,0.056808103,0.41481477,-0.1871603,-0.31881985,-0.37663415,-0.14498585,0.27695262,-0.24627782,-0.5090046,0.21673918,0.33089417,-0.0113077015,0.50102174,0.2701041,-0.051741786,0.6606819,1.3037795,0.36343315,0.54882824,-0.45400852,-0.038532734,-0.5189356,0.7015463,-0.5408848,0.44275492,0.21493076,-0.67323804,0.56638044,0.35849154,0.028902829,-0.0008678585,-0.1807662,0.16819641,-0.118076414,0.6021653,-0.32287458,0.20201701,0.32125694,0.38665468,0.45796484,-0.2419273,-0.4272563,1.0338373,0.12296434,0.17102987,0.14800316,0.2379402,0.22343805,-0.010499746,-0.16949071,0.01923043,0.30724823,0.6706431,0.027576879,0.0021214534,-0.0114886835,0.18568347,0.51762664,0.21247974,-0.46974602,0.09337698,0.6029688,0.29356766,-0.10928215,-0.257428,-0.38487715,-0.3498178,0.3230673,0.42785215,0.106443726,0.45280397,0.26074004,0.03723143,0.14056702,0.16289058,-0.4849235,-0.21538445,-0.24596232,0.4386448,-0.64912206,-0.05634658,0.30112693,-0.14475504,0.6787417,0.65781164,0.21724819,0.14509664,0.089921996,0.11845,0.0026099458,0.4757717,0.54285926,0.14829467,-0.22729424,0.31350502,-0.3015766,0.111221984,-0.025838897,0.016777985,0.3762745
0.052877933,-0.4479403,-0.13107821,-0.16364005,-0.9228758,-0.116602324,-0.1751186,0.38989535,0.42159367,-0.13885489,0.15144917,0.118616685,0.49525577,-0.00783518,0.0955876,-0.24122521,-0.21031591,0.088912815,-0.2650847,0.47952384,0.14558935,0.18019405,0.09592791,0.022467315,0.09970094,0.2983116,0.2574437,0.50666904,0.58177257,0.0017866306,0.2232841,-0.05144675,-0.14951311,0.16554725,0.3215917,0.38839567,-0.09982553,-0.25769675,-0.3840584,-0.22943969,-0.042989478,0.4247991,-0.038476206,0.05105063,0.4348325,0.2832886,-0.056089133,0.5417185,-0.030576728,0.45725095,-0.087116174,-0.2992787,0.0378619,0.19756617,-0.037212856,0.32417363,-0.09583539,-0.005919695,-0.015147933,0.3196453,-0.26708817,-0.85524464,-0.47163314,-0.43831447,0.19863941,-0.25258204,-0.5258274,-0.06993166,-0.31961903,-0.16919826,-0.149794,0.20569855,0.5584139,0.5605222,0.61318976,0.34060293,-0.11357081,-0.056205794,0.5701317,0.051579714,0.15301585,0.07423556,-0.018910494,0.3381099,0.2638488,0.14202848,0.33980328,0.03952141,-0.14672205,0.1578604,0.076797016,-0.28805217,-0.4704854,-0.15597793,-0.14513333,0.9852647,-0.5065613,0.052726254,0.23553959,-0.80762964,-0.1389949,0.3059696,-0.024658442,-0.057456553,0.1028696,0.3453478,-0.09105074,-0.068289444,-0.09686796,0.30386534,0.24456304,-0.25822526,-0.47111234,0.0034611598,0.018657405,-0.21379334,0.2884335,-0.12074171,-0.14545745,0.15192991,0.13427077,-0.3897426,-0.117709205,-0.2274739,0.22423802,-0.084640324,-0.026754167,0.24942218
-0.19798017,-0.076883964,-0.24216366,-0.07460588,-0.27810356,0.18377902,0.0036822036,-0.6902305,0.52751154,-0.1229142,0.07716848,-0.31273392,-0.15330519,-0.1329461,-0.06905414,-0.35533586,-0.5335556,0.13140804,-0.34800413,0.13833576,0.7968786,0.2963469,0.10989909,0.10547253,-0.18065307,-0.18768167,0.309862,0.26433975,0.65875614,-0.5513225,0.8690367,-0.41816354,0.6827621,-0.06398818,0.4202261,0.57717633,-0.12991114,-0.37180236,0.38973483,0.15811227,0.5524037,0.58034414,0.19051494,0.70427674,-0.0782347,0.36572,0.5133249,0.2517455,-0.1839166,0.18226798,-0.27877283,-0.361352,0.4494812,-0.56441295,0.2128796,0.7600857,-0.35881558,-0.23316479,0.36632103,-0.4295999,-0.23261973,-0.8840022,-0.4600914,0.13590766,-0.1704303,0.20973368,-0.48900527,-0.122095436,-0.32941803,-0.6354718,0.23450835,-0.043837205,0.4797244,0.48474684,0.34115297,0.76150787,-0.15359342,0.13050793,0.1557639,0.43497527,0.059285097,-0.020256437,0.8441542,-0.41710532,-0.014762554,0.101044685,0.67826825,-0.18864208,-0.09964026,-0.6549491,-0.26619887,-0.44695723,-0.04847617,-0.28975672,-0.29674745,0.81459963,-0.18216914,0.15786113,0.24910294,-0.30261624,-0.43652245,0.042875193,-0.123628825,0.024802268,0.19101687,-0.22468242,0.38745046,-0.3444,-0.59094274,-0.12054822,0.08397073,-0.4691289,0.15568532,-0.5652483,-0.15957803,-0.19670466,0.28951573,-0.4071862,-0.23414446,0.004938975,-0.080950044,0.4839345,0.7122096,-0.021696853,-0.6787462,0.44904774,0.22692788,-0.58021855
-0.07717928,0.145562,0.16829532,-0.14811304,-0.36109075,-0.52493197,-0.13207938,0.18820786,0.43337613,0.2537429,-0.29590607,-0.4240473,0.51544356,0.09435608,0.190395,0.30795228,0.14400241,0.399069,0.08476875,0.21118113,-0.28920954,-0.048463345,0.09811355,0.47281846,-0.260185,0.06307328,-0.4299717,-0.29067898,-0.06482461,0.13016331,0.20022853,-0.17070612,0.23167779,0.1269796,0.060285304,0.33800828,-0.16509691,-0.106327064,-0.044267878,0.2778327,0.12955679,0.47953197,-0.2101666,0.33812672,0.17944628,-0.021852754,0.24579485,0.130282,0.45504487,1.055584,-0.204108,-0.28195637,0.23124638,0.2402332,-0.2855106,0.18119344,-0.076921254,0.11487827,0.27436727,0.11886866,0.012558073,-1.0708549,0.24374184,0.26826996,0.47547218,-0.13883898,-0.17544965,0.4676869,-0.109183386,0.13239852,-0.46061975,0.37685508,0.18307395,-0.18251318,-0.5052237,0.36464486,-0.029576428,0.1632622,0.08102503,-0.20232853,0.032870084,-0.03911157,-0.1893825,-0.083661005,0.31621116,0.20961425,-0.15641192,0.15261745,-0.052137673,-0.58101505,-0.338754,0.17541766,-0.021620756,-0.6493666,-0.2232942,0.17864601,-0.2678145,0.068993896,-0.4511509,0.20394734,0.3149872,0.101771995,0.32829323,0.22045588,0.064496934,0.35687894,0.40909237,-0.025218502,-0.08075429,-0.24828109,0.084423095,0.29338723,-0.18360873,-0.65660524,0.30483124,0.12065367,0.43732625,0.18667635,0.15561745,0.03873597,0.0054257736,-0.01657331,0.17290944,-0.0603341,-0.12231431,0.12170977,0.06995304,-0.1315577
-0.2548189,-0.38282084,0.05928348,-0.30499032,0.0758149,0.2386598,0.25801605,0.51895046,0.033585772,-0.44041365,0.44691145,-0.36181843,0.11404151,-0.28847164,-0.03558312,-0.17572811,0.07335532,-0.06563565,0.4720307,-0.038406685,0.21857193,-0.21068345,0.039682742,-0.10307144,0.37217328,-0.1978197,-0.059568446,-0.0077872276,0.034664027,0.45455644,-0.54220194,-0.41969416,-0.148368,-0.25963926,-0.061829362,0.44404665,0.11419432,0.102627516,-0.0028433576,0.08690884,0.15824077,0.13472235,0.47408214,0.08390357,0.005753685,0.113083094,-0.10907901,-0.23897235,0.12674539,0.3469615,-0.018471818,-0.36293334,-0.12565914,0.10305044,0.11554636,0.26269782,-0.2976935,-0.17679116,0.061541334,0.5058738,0.06251467,-1.020298,0.31015438,0.19649555,-0.15592255,0.2524807,-0.32905617,0.35081998,-0.2582583,-0.4952046,0.18249169,0.040755413,-0.1264492,-0.23179877,0.3375147,0.5208105,0.18503582,0.7460159,0.23832583,-0.4444467,0.21580961,0.10224604,0.3595186,-0.12776464,0.36305922,0.5179518,0.065334104,-0.047498748,0.097351246,0.21866779,0.31408542,-0.21220638,-0.07502366,0.05090034,0.17316052,0.5331306,-0.3590553,0.22042194,0.22308531,0.047790565,0.106153384,0.07383154,-0.12276839,0.62538373,0.41730165,0.108732566,0.14283961,0.09652971,0.26070273,-0.25277078,-0.12057629,0.061235204,0.26233363,0.43765104,-0.22163339,-0.12242311,0.09088158,0.28099638,-0.019695781,-0.045609593,0.3266816,0.1460805,0.15233478,0.15657967,-0.03241066,0.03193018,0.16975722,0.17711554
-0.45761308,0.43354288,0.44387797,-0.35233474,0.28364444,0.15068427,0.39084,0.1325303,0.13053621,-0.4208619,0.41987437,0.2827778,0.6821622,-0.54387003,-0.8985043,0.0440087,0.07749021,0.09050408,-0.00044635683,-0.23898885,0.17356685,0.082629986,0.12104198,-0.60814875,0.1266524,0.18916914,-0.03881912,0.054430492,-0.12076758,0.21513349,0.17944887,-0.18218014,-0.09240825,0.30572549,-0.42059422,0.65015507,0.008626982,0.27423316,0.24720813,-0.77849233,-0.03232757,-0.54889107,0.1511268,1.0502871,0.50805295,-0.11644547,-0.2134765,0.03506118,-0.3304548,0.3848678,0.06111106,-0.21617088,0.1444815,0.31265265,-0.3876213,0.01792758,-0.5165217,0.6122399,-1.0082862,0.32710528,-0.50755984,-0.4382286,0.16491944,0.17146079,0.5082447,-0.29865482,0.35418043,-0.66462696,-0.2276067,-0.25489107,0.108688615,0.23248385,-0.2769519,-1.0877931,-0.6099067,-0.016551629,0.3137435,-0.081515074,-0.3080256,-0.3863971,0.23516777,-0.6044661,0.1862418,-0.030511815,0.58115625,0.52479327,-0.49650735,-0.47094706,0.41151527,0.24089697,0.38089633,-0.17623937,-0.17329377,0.32370853,0.31498915,0.41310692,0.7697347,0.21638292,-0.07760975,0.23006046,-0.2959191,-0.21395871,0.07946725,0.13355482,0.5824926,-0.28858873,-0.3123654,-0.33966228,0.4198419,0.07111625,0.6961191,0.36673895,0.26508635,0.15616319,0.14316991,0.59897953,-0.36659288,-0.047011927,-0.07920037,-0.06277685,-0.14713484,-0.42391306,-0.17034721,0.0012181476,0.5146156,0.34237668,-0.3688603,0.43435678
0.113190524,0.15223072,0.0036824346,-0.41628292,0.03691338,0.98577374,0.08724455,-0.59895116,0.4202677,-0.058220588,-0.006953813,-0.009334033,0.20288137,0.19783531,0.15159884,-0.18479425,-0.07564695,0.18675165,0.15436348,0.34983835,0.2105482,-0.3292044,0.05931612,-0.04880068,-0.166775,0.47061718,0.07247252,0.09993853,-0.40119594,0.07149943,-0.0016998164,-0.24215023,-0.12449333,-0.28937313,-0.026771927,0.5388613,-0.22799182,0.4083863,-0.034289688,-0.44928604,0.0067859367,0.08369511,0.2828846,0.013917007,0.30004084,-0.08902175,0.30159315,0.23546973,0.12947153,-0.13692419,0.29760167,-0.21653798,0.27528024,-0.2418797,0.19611572,-0.18998253,0.38651577,0.19812834,0.28757402,-0.13212806,-0.070349924,-0.6508999,0.22149473,-0.3025079,-0.19022721,-0.21282008,0.3366136,-0.504196,-0.12058675,-0.054294266,0.48226058,0.035095625,0.030841403,0.31892145,-0.17949593,0.005338624,0.13671663,0.068957716,0.40317315,0.18270636,0.022607993,0.083852984,0.042652976,-0.109283604,0.2558412,0.35202223,-0.27467388,-0.3295772,-0.009982344,0.07759076,0.09106296,0.18742248,0.15944517,-0.38782978,-0.021029513,0.1889539,-0.018622145,-0.35640875,-0.046099946,0.30342552,0.24846616,-0.03201852,0.14034781,0.24894758,-0.118903466,-0.17837855,0.31902453,-0.4336195,0.47714752,0.35091865,-0.06350303,0.19237794,0.06995529,0.22921483,0.37640986,-0.73317796,0.32602736,-0.2109923,-0.021347951,0.4523341,0.12001218,0.03853324,0.02714651,-0.2411862,-0.3789326,0.19677553,-0.18642394,0.77257514
-0.10121284,-0.009816816,-0.17323156,-0.2530423,-0.30614418,-0.0351399,0.07850281,0.09904416,-0.3403378,-0.111553766,-0.22182001,-0.18835121,-0.18371339,-0.34965578,-0.06388619,-0.17882413,0.21355096,-0.44224086,-0.5676977,-0.07936001,0.2238225,0.10737473,0.20096514,0.04745827,0.22036435,-0.005971387,0.40775,-0.1995995,0.39201105,0.11854885,0.27321437,-0.33655605,-0.5459411,-0.4290321,0.092854366,0.09455431,0.47281215,0.2529799,0.4726612,0.28603882,-0.14127818,0.6011831,-0.1515442,0.18122423,-0.002849616,-0.39478853,0.031191649,0.13760799,-0.09657067,0.499587,0.13406347,-0.48175687,0.23018429,0.47286156,-0.06681679,0.27218017,0.057044394,-0.8286061,0.17597915,-0.04861819,-0.34804437,-0.76401573,0.32254377,-0.21934095,0.0888382,0.26520485,0.19936511,-0.16835606,0.6419852,0.50497985,-0.15964273,-0.32532755,-0.4625849,0.07454447,0.24525915,0.4928137,-0.32930428,0.14111234,0.34383428,0.31971642,0.10772907,0.67384934,-0.08317406,0.03282833,0.13932444,-0.3924762,0.13065507,-0.20083888,0.031791084,-0.29663286,-0.17277254,-0.38232753,0.2729038,0.26153624,-0.16212943,0.47996187,-0.2630321,0.5779028,0.441772,0.24425961,0.057292715,0.32286683,0.12069639,0.27619123,0.30178195,-0.034543276,0.06970786,-0.1168153,0.27488443,-0.08335867,-0.30513674,0.3096316,0.23147076,-0.19544753,0.18203893,-0.03987173,0.013129607,0.11395298,-0.4375263,-0.27608845,0.13529266,0.26234508,0.101072855,-0.7159208,0.09735824,0.3354004,0.57348937,0.15535018
0.42414838,-0.105022416,-0.4713903,-0.32278597,-0.381593,0.23167583,0.22256035,0.37586024,-0.1554399,0.25184563,0.25686112,-0.25169137,0.19682978,-0.4811445,-0.10855028,0.07834127,-0.23653427,-0.25327548,-0.090068236,-0.36885333,0.3522691,-0.36293572,0.26635692,0.18477507,-0.2889304,-0.05527991,-0.0010537356,-0.4278408,0.21895552,-0.4040277,0.51590186,-0.29588705,-0.1969664,-0.2060074,-0.3690327,0.2830547,-0.4800834,0.18881461,-0.09300642,0.08524236,0.119987264,0.46600997,0.46451402,-0.120472826,-0.19577947,-0.60553026,-0.119406134,-0.25990522,0.2330614,0.17491615,-0.22234969,-0.09416555,0.57276654,0.1892522,0.16477421,0.1966626,-0.29638588,-0.4733914,-0.044694856,0.12985878,0.36996216,-0.70449704,-0.16207421,0.026211403,0.14289393,0.033294704,-0.05334331,0.5187908,-0.7313049,-0.24713877,-0.01313851,-0.027107287,0.07238584,-0.009240899,-0.26637366,0.04330063,-0.19622317,-0.06233892,-0.33470353,-0.33877277,-0.1992341,0.7930282,-0.09162448,0.022129517,0.33397925,-0.19012825,0.09843248,-0.024975896,0.085049056,-0.100676216,0.0025321841,-0.0951425,0.31062916,-0.3939571,0.26306048,0.13431577,0.33239534,0.26745614,0.17413473,0.31253108,0.23813678,0.050946455,0.3014183,0.2566385,-0.28022403,-0.11504872,-0.19860864,0.2074044,0.03755507,0.4584427,0.43059826,-0.025716845,-0.078261256,-0.108972,0.28824252,0.5450946,-0.048200354,0.25669137,-0.1381098,-0.055439055,0.19259048,0.36592132,-0.19512889,0.28228998,-0.23982926,0.11932483,-0.019725464,-0.14915144
-0.119708344,-0.5663552,-0.5111586,-0.0015156344,-1.1816953,-0.01815661,-0.15799654,0.2617875,0.2419585,-0.19673175,-0.10820019,0.2366012,-0.042839542,-0.23518431,-0.08405469,0.055767845,-0.20023128,-0.33782446,0.041005533,0.25333166,-0.19420956,-0.026198722,0.19857703,-0.34184402,0.021991938,0.3583864,-0.41132072,0.22511831,-0.118012324,0.007907733,-0.20574906,-0.054215364,-0.28128985,0.1066041,-0.10121565,-0.31406835,0.105384804,-0.03554671,0.30983782,0.07778938,0.3423616,0.44534236,0.0033795238,-0.13846788,0.16774397,0.05195582,0.37208563,0.38712057,0.8183184,-0.037485696,-0.5009065,-0.48516726,-0.13195957,0.01577118,0.32992598,0.19538048,0.11523005,-0.11523591,-0.13884418,0.2833698,-0.48452377,-0.7383474,-0.70045793,-0.090182856,-0.0650065,0.5129915,0.48556867,-0.034579936,-0.21692584,-0.118689,0.16347839,-0.24872151,0.06519907,-0.17506245,-0.045194454,0.46009135,-0.06685257,-0.034041807,-0.020530373,-0.44972453,-0.09790531,0.11403223,-0.016150046,-0.071601324,0.07684286,-0.29536837,0.27229038,-0.11388089,0.17699397,0.060758352,0.29039863,0.19960898,-0.37253982,-0.14784428,-0.23135468,-0.28897303,0.1709561,0.4198758,-0.32799706,-0.16752383,-0.29380187,-0.32861608,-0.19761157,0.1386689,0.42800155,0.24052395,-0.04306124,0.056346744,0.13614112,-0.057722896,0.71971345,-0.25684878,0.18146957,0.35739055,0.30735555,0.2618754,-0.07097981,0.014427707,-0.40338993,-0.071521096,-0.20435897,0.22497076,0.038682874,0.17410345,0.111866206,-0.0634177,0.03190881,0.047686238
0.12649344,0.11023264,0.020937935,-0.29401982,-1.5274862,-0.35799637,0.0729685,-0.25579333,0.10438085,0.55766976,-0.26476097,0.2728994,-0.11484158,0.41239718,0.11280027,-0.15270407,0.08278015,0.082699865,0.62650484,-0.16738662,0.3072739,-0.013059236,-0.47649384,0.04762201,0.3978128,0.8087081,-0.003973607,-0.005927123,0.05839601,-0.63243794,0.24558458,-0.107387505,-0.008888761,0.13758016,0.5741297,-0.4842689,-0.5261509,0.13253963,-0.09472621,0.47101268,0.06465664,0.5386614,-0.44894367,-0.18194616,-0.2050435,0.037495404,-0.031095333,-0.30589512,0.18628958,-0.4258356,0.57623017,0.20818698,-0.20607828,-0.39688838,0.5096399,0.15681228,-0.21387435,0.31738752,-0.66356504,0.16282052,-0.2534873,0.2278462,-0.4236496,-0.20833202,-0.33703044,-0.13842878,0.3150323,-0.16201913,0.35070306,-0.20451686,-0.70697045,-0.08958644,0.16882886,-0.21904099,0.18100843,-0.4648022,-0.16158584,-0.02102977,0.52969605,0.09260702,-0.23013914,0.03430538,-0.14842492,-0.011914484,-0.20838453,-0.07615782,-0.21003604,-0.41980296,0.4867649,-0.21890537,-0.17811802,-0.092983216,-0.027187789,-0.020576375,0.2929523,-0.047459185,0.058200836,0.018979754,-0.27218673,0.095154345,0.010123333,-0.3083738,0.0722349,0.1263724,-0.15904213,-0.47887766,0.0085668005,0.1418968,-0.47118318,0.14822027,0.13226694,0.21347286,0.07676408,0.100498855,0.4364388,-0.15010755,0.09776819,-0.42963618,0.0014702044,-0.04037395,-0.29716697,-0.12247558,-0.017685607,0.1866735,0.15067478,-0.61845833,-0.27858153,0.06183415
-0.02909118,0.13960981,0.63200146,1.1660051,0.3751136,-0.07472933,-0.15485454,0.057880722,-0.1449216,0.46259212,-0.7904717,-0.027529523,0.26531684,0.3031168,0.35524327,-0.22957575,-0.17251544,-0.23373997,-0.24567024,-0.16563433,-0.049243636,-0.30159068,0.26470384,-0.331358,-0.03802362,0.20710638,0.29161105,-0.23799081,0.1759896,-0.18117803,-0.33488172,-0.17785512,0.07832296,-0.41531068,-0.09471477,-0.4841196,-0.32610455,-0.027803838,-0.3527114,0.38084787,-1.0212585,0.63092864,-0.13084161,0.4917033,-0.36601698,-0.14202912,0.1621748,-0.30659157,-0.082710005,0.2084744,-0.4504717,-0.2838471,0.011146694,0.153353,0.40558362,-0.53828245,-0.02286391,0.51588994,0.014045328,0.1127454,0.49979815,0.14391404,-0.14913777,0.34409153,0.10969439,0.4362333,0.030266866,0.06225045,0.050712846,0.46789676,0.09955919,-0.16900167,-0.15096326,-0.2555555,-0.13716397,-0.40018156,-0.059698835,-0.17982113,0.45626897,0.32603234,-0.0060422737,-0.40619206,-0.23605183,0.15545373,-0.5480139,-0.19381002,0.03567928,-0.22266017,0.7277991,-0.5672668,-0.16308689,0.2462154,-0.0062252246,-0.5594896,0.29398897,-0.22884163,-0.2523675,-0.15720911,-0.2347576,0.14224796,-0.2177459,0.12470572,0.2396893,-0.5431597,0.7182828,0.3518557,-0.007282026,-0.27989554,-0.10737558,-0.059172507,-0.45702046,0.38150972,0.5739649,0.29434854,-0.5557335,0.46999502,0.07538644,0.5096648,-0.096813485,0.3948059,-0.0336544,-0.68241286,0.08022185,-0.3315013,-1.0719242,-0.07398516,0.12730783,-0.8359958
0.60933286,-0.020658135,-0.15406784,-0.46052662,0.024390943,-0.6099897,0.38444743,-0.46675092,0.232274,-0.5519461,0.5998694,-0.16996926,3.4853816e-05,-0.2646751,-0.76691353,0.3159862,0.532309,0.032240782,-0.037624925,-0.26413205,0.7310696,0.40796852,0.26167455,0.008515386,-0.17176,-0.66364807,-0.14826187,-0.26316762,0.061229117,-0.106557466,-0.21043855,0.5731525,-0.16277978,-0.42591524,-0.13401173,0.40187147,-0.68865126,0.80852616,0.24823608,-0.04815132,0.30693284,-0.32917303,0.29476458,1.2542937,-0.36035454,-0.31399488,0.21139334,-0.43448812,0.14589334,-0.15872104,0.124044225,-0.12949334,-0.13082196,-0.21024355,0.15305875,0.7621833,0.027112609,0.2735415,0.06256279,0.07264377,-0.018511806,-0.49174014,0.2318838,0.24183777,0.33307213,-0.49568328,-0.8827361,1.0596281,-0.51354,-0.17927878,0.0022676438,0.17950432,-0.05291473,0.09037091,-0.48513958,-0.094807036,0.0644078,-0.08480604,0.18534517,-0.0485818,0.19630505,0.5405995,-0.13164517,0.0429342,-0.026584752,-0.55359036,-0.45176473,-0.2641694,-0.03900048,-0.7965232,0.43611094,-0.44024748,0.1608978,0.24605049,0.047398794,0.12555571,0.20974255,-0.42909226,0.31528583,-0.12605661,0.03112226,0.16904284,0.20416874,0.3174506,0.6488398,-0.034175176,0.4443081,-0.26195556,-0.13933554,0.10250079,-0.21352024,-0.39844653,-0.016346786,0.19623235,0.085885584,-0.31554353,-0.51613164,-0.661415,-0.451681,0.433844,0.059784703,-0.17196995,0.5263574,-0.1324377,-0.19633207,-0.5112034,0.14338765,0.47393805
-0.12647149,0.022344228,-0.20984307,-0.52642536,-0.17585495,-0.18151732,0.43958262,0.11735337,0.20602009,-0.14383115,0.2714759,-0.31805232,0.33579776,0.05488699,-0.08522628,-0.0359394,0.4470015,-0.5224647,0.20649281,0.024503559,0.34830594,-0.2835947,-0.11422632,0.300677,0.14645465,0.30787122,0.15746742,0.15155825,0.30187505,-0.077344924,0.37988427,-0.33126184,-0.17648779,-0.1458126,-0.13639344,0.2996704,-0.08202274,-0.033844322,0.1950197,0.40063384,0.39918116,0.030993372,0.29925537,0.0783289,0.25159317,0.08750347,-0.23819736,0.24624784,0.30295265,0.09737295,-0.21111201,-0.1961891,-0.21100953,-0.047038157,-0.07881808,-0.13414903,-0.2892656,-0.19432315,0.0133381635,0.047167834,-0.39647326,-0.8958188,-0.0712542,2.7650967e-05,0.0063845403,-0.00051781535,0.3311816,0.18445678,-0.067172416,-0.15590777,-0.06442863,0.22984292,0.10067085,-0.052758027,-0.041511312,-0.2690637,0.36985832,0.052060336,-0.035202503,0.16844362,0.10362763,0.07549108,-0.008453049,0.09664217,-0.13068296,0.01922812,-0.29807937,-0.041779857,-0.1331192,-0.07666269,-0.015971445,-0.09471155,-0.13088092,-0.19859973,0.22272697,0.10022497,0.18453361,0.4690119,0.089191094,0.32584,0.22623292,0.024941929,0.35461414,0.5538517,0.28632408,-0.4140881,-0.024144486,-0.28419438,0.117486626,0.34803894,-0.066102535,0.014860649,-0.08978936,0.0776957,0.3607329,0.13949342,0.08098472,0.12695733,-0.104508914,0.49941483,-0.03334444,-0.09145183,0.13795587,-0.018298812,-0.21262494,-0.008517951,-0.10193634,0.13508877
-0.12589696,-0.17985567,0.21804166,-0.42269826,-0.7429594,-0.04290381,-0.122035675,-0.3075103,-0.2153438,0.34631783,0.11022555,0.13682294,-0.035234544,-0.06957503,-0.055932716,0.34595114,-0.035030976,0.011956634,-0.27497402,0.18973078,-0.31605855,0.24244365,-0.0012250654,-0.1237446,-0.25234306,-0.3806309,0.08251546,0.2891268,0.105633005,0.4947056,-0.393389,0.24725007,0.40888,0.12479019,-0.69697833,0.06646483,-0.059704795,0.33419198,0.1860682,0.19188514,-0.0005631894,-0.23018485,0.016244773,-0.40806353,0.5460137,-0.182462,-0.15116243,-0.053252157,-0.36928287,-0.23063734,0.099717155,0.016097754,0.7014722,0.26525253,0.18259196,0.16423531,-0.12475743,0.018830303,0.02550967,-0.5750729,-0.22488458,0.56433046,-0.16129002,0.19216281,-0.40986562,-0.38276783,-0.041189097,-0.13082401,0.09793222,-0.099474706,0.1940126,0.31253463,-0.25052693,0.05727057,-0.11725688,-0.26579037,0.1564537,0.10087102,0.5019518,0.3214563,-0.20892033,-0.118890375,-0.31530422,0.28165606,-0.17514211,0.7383114,-0.49429324,0.11455338,0.2568486,-0.09834937,-0.34740302,0.2615627,0.4001103,0.094937816,-0.08393575,0.2322602,-0.11248844,-0.03858011,-0.32768118,0.4704044,0.6175242,-0.10915107,0.005148314,0.12306495,-0.16103551,-0.46143416,-0.1731354,0.31455293,-0.27018008,-0.10200655,-0.10099023,-0.021111049,-0.3208472,-0.040977802,0.30296615,0.091309816,-0.060224175,-0.15254539,-0.11052705,0.52988744,-0.46105313,0.25211442,0.409204,0.7438588,-0.017104357,-0.16192037,-0.3800841,0.08704697
-0.045901954,-0.16815443,0.028172791,-0.62229556,-1.0346811,0.10463804,0.38983443,0.03339915,0.005999021,0.44224992,-0.052520737,-0.19357046,0.13829479,0.17177446,0.019455247,-0.36246178,-0.5046542,0.017699532,-0.30692986,-0.3201862,-0.22627354,0.18821178,-0.03313021,-0.06980592,0.21970014,-0.5164746,0.093149066,0.010983303,-0.1438489,-0.40720624,-0.47541636,0.021339014,0.10205871,-0.010852143,0.10692019,0.32656586,-0.08120879,-0.036981013,-0.08070507,-0.10190025,-0.016590334,-0.49408656,0.42616796,-0.61778605,0.10889833,-0.19746095,0.0091864765,-0.046945136,-0.2735163,-0.039341755,0.088223025,0.040224772,-0.0017883182,-0.61858046,-0.2343691,-0.24228759,0.21405528,-0.1935145,0.025963819,-0.17147523,0.046134103,0.47475666,-0.32463393,0.2922261,-0.32368505,-0.53377914,0.2851518,-0.102830425,0.38672855,-0.21980564,-0.21496525,-0.0577877,-0.16581187,0.062321156,-0.11092889,0.039943896,0.100909755,0.16058345,-0.037302904,-0.0024205516,0.03485322,0.037663117,-0.0904563,-0.01377555,0.20518327,0.04978101,-0.25365528,-0.23167264,0.40159345,0.23358013,-0.12326535,0.04948695,-0.48754108,0.14302486,0.29632887,0.13607532,0.50531316,-0.1473385,-0.30294502,0.52185386,-0.32267085,-0.1007798,-0.49322206,-0.34178436,-0.30032802,-0.52664244,-0.1454218,-0.20713136,-0.24565068,0.17291337,-0.15159664,0.21351206,-0.08430312,0.17769998,0.03781998,-0.086177155,0.107664734,-0.00686502,0.42238247,-0.07058577,0.24203376,-0.07463592,-0.24405415,0.5367133,0.22168493,-0.19146392,-0.075321265,-0.13942686
0.18391368,0.076201074,0.06754617,-0.5300056,-0.25984034,0.12176412,-0.3727483,0.21980178,0.16497128,0.31340957,0.37878662,0.121944234,0.016204972,0.1728349,-0.29467493,0.33374983,-0.60870206,0.063347764,0.23196359,0.052262373,-0.20563892,-0.2649949,-0.45364323,-0.18834603,-0.14336547,0.0040490683,0.27494174,-0.43666053,-0.4050088,-0.292083,-0.46626094,-0.021967202,0.041550875,0.1451562,-0.3209092,-0.081230134,0.14205709,0.19982415,-0.18951109,0.17645024,0.08973048,0.10988282,0.43878,-0.059665173,0.045179047,-0.049427137,-0.43230632,-0.07364896,-0.175129,-0.34637538,0.11852342,-0.022726635,-0.103200346,0.20078227,-0.36537132,0.11211512,0.08283229,0.032942116,-0.05190327,0.025388358,0.31797108,0.7282655,0.026193723,0.84273076,-0.16481727,0.018664911,-0.036769707,0.025722634,-0.5414595,0.07116556,0.112397686,0.35074112,-0.40870982,-0.31259647,0.08434235,0.13450706,0.009095609,0.54136926,-0.4200744,-0.23789951,-0.2054597,-0.39300394,-0.45754433,0.12480356,-0.36776522,0.04853262,0.34622243,-0.11695405,0.19306614,-0.22702083,-0.06702846,0.20742635,-0.112014405,-0.31702396,0.36237863,0.064102225,-0.50536877,0.20227477,0.028837757,0.3846135,0.16023104,0.109446436,0.266598,-0.2557965,-0.28064433,-0.4243782,-0.07118279,0.09603947,0.29721648,-0.016164735,0.4806698,0.047714226,0.13528745,0.07603143,0.327237,-0.46366787,0.22275491,-0.17407672,0.17945476,-0.30503356,0.45166403,0.28274268,-0.16220933,0.33330142,0.24711645,-0.071598835,0.3259797,0.36595008
0.06256471,-0.2339522,-0.23171666,-0.5254065,-1.348407,0.11505576,0.08082198,-0.17232989,-0.43413782,0.13051322,0.07094388,-0.4504602,-0.089197606,0.2240827,-0.18045878,-0.079624146,0.2210614,0.101769075,0.057339266,0.067433216,-0.22653836,0.40551722,-0.44345024,-0.4133405,0.31633937,0.16913413,-0.0450767,-0.17659858,0.10663648,0.18667771,-0.27310812,-0.11755452,0.09898092,0.45303085,0.12768984,0.97543657,-0.45962048,-0.122701995,0.16503191,-0.3573839,0.17997812,-0.1444193,0.09628643,-0.25218803,-0.07657115,0.049154498,0.08936705,-0.3221786,-0.29821727,0.5444787,-0.17899507,0.25601345,-0.3805967,-0.05009286,0.4042339,-0.44173092,-0.4033054,0.346211,-0.27185065,0.053712156,-0.13074267,-0.001962006,0.17181338,0.43880033,0.21369733,-0.22339329,0.074050665,-0.2018203,0.083940916,0.06542839,-0.48661944,0.103106655,-0.34399718,-0.28726172,0.36744356,-0.14392729,-0.087243944,-0.4019977,-0.073702194,0.4496435,0.070895925,0.37046745,-0.42767355,0.28952348,-0.44284385,-0.11477116,-0.16687852,-0.26241097,-0.5766647,-0.07598126,-0.50158757,-0.30581737,0.2272674,0.19857767,-0.010505345,-0.05510609,0.083565086,-0.53747374,-0.37686348,0.024630815,-0.42823333,0.2228138,-0.12913701,-0.80015147,-0.06413807,0.25832027,-0.5349676,-0.03236652,0.25980574,-0.06600142,0.29131234,0.1858427,0.110630766,0.08039056,-0.35967296,0.21416374,-0.12654439,-0.2547264,0.2076112,-0.18730026,0.073767975,-0.5375935,0.1828356,0.19882226,0.09186025,0.33476076,0.050578006,-0.23434803
-0.06467178,0.024048947,0.3001891,0.16261853,-1.003303,-0.18755654,0.17116195,0.29893887,-0.19655542,-0.14755467,-0.1064655,-0.3027575,-0.21420033,0.107294016,0.39232624,-0.18650235,0.067233354,0.038709015,-0.4258048,-0.4101678,0.23602505,0.14108378,-0.39353186,-0.14591148,0.0027140677,0.06912795,-0.58546424,-0.05657517,-0.17968245,0.16450018,-0.6327378,-0.056782544,0.2687816,-0.21640675,0.10854054,0.53164387,-0.02860188,0.15426505,0.3476789,-0.32417172,-0.03999714,-0.37569904,-0.52774405,0.2467904,-0.5758984,-0.35072762,0.04175456,-0.26764232,-0.10918863,-0.17351876,-0.0715006,-0.28923288,-0.50849885,0.14208253,0.18191653,-0.16221952,0.27975518,0.22883567,-0.1148839,-0.07628355,0.29098362,0.08384603,0.48690856,-0.043310337,0.16166678,-0.12100023,-0.054674633,0.34212938,0.41716507,0.4721604,0.6392444,0.29034084,-0.08553618,-0.37091047,0.05321622,-0.059870586,-0.20848754,-0.3935646,0.00640855,0.09812069,0.1352046,0.2746517,0.76605237,-0.13617171,-0.14322169,-0.094755165,-0.016067818,-0.30921072,-0.13215506,0.12128866,-0.1597406,0.58693314,-0.254189,0.5131734,0.73251283,-0.30092826,0.49218804,-0.42460415,-0.1197591,0.28346714,-0.17311756,-0.03289208,0.19647269,-0.36180398,-0.25708595,-0.09578936,0.38032082,-0.10965394,0.10013244,-0.32117477,0.1768195,-0.089716546,-0.2848238,0.11915417,-0.15915295,-0.24810141,-0.15683801,0.40590078,0.34117228,-0.42480138,0.2252015,-0.46184593,0.083604895,-0.22916447,-0.19643535,0.068479724,-0.04117702,0.15489984
0.6436761,0.23994538,-0.50172555,-0.26546156,-0.4855861,-1.0216024,0.62823737,0.6015223,-0.10978632,-0.44060266,-0.5356547,-0.08187866,0.2586216,0.60067606,0.3768052,-0.44889373,-0.31812468,-0.29142892,0.09686911,-0.1664238,-0.22553806,-0.070893615,-0.38803735,-0.60880774,-0.62614465,-0.38100496,-0.48050877,0.28443787,-0.038766414,0.08922287,-0.45652843,0.6400882,-0.46757406,0.33115596,-0.34182784,0.36184916,-0.2725435,0.09489357,0.40736657,-0.06923248,-0.19146468,0.018619511,0.9690153,-0.088957585,-0.3778681,0.4505896,0.35162413,0.23535872,0.15023571,0.39341295,0.39558804,0.2934777,-0.18249758,-0.5626972,0.0846257,1.6453611,0.313474,0.6071086,-0.30162886,0.11655101,0.4292047,0.3614711,-0.5157018,0.80356073,-0.22491667,-0.103936374,-0.22357167,-0.17007089,-0.6058892,0.27618343,0.004004255,-0.2611399,-0.2746135,-0.3372078,-0.23848175,-1.0450195,-0.34008905,0.094807744,-0.63885987,-0.28915682,-0.0021262215,0.19432828,0.35686606,-0.1794373,-0.01375442,0.25522622,0.64407563,0.15710047,-0.4678793,0.24546786,0.7875996,0.078623205,0.14571403,0.37927058,0.07832155,-0.0056812894,-0.9276983,-0.29740664,0.5984047,0.12699658,-0.07440506,-0.05865256,0.4597866,-0.4084546,-0.35140407,-0.28322765,0.13095188,-0.21919246,0.5697571,0.048652004,0.28364813,0.40726644,0.10341172,0.80121905,-0.47948593,0.40745905,-0.2193108,-0.35492736,-0.6577941,-0.5970295,0.46298888,-0.3285939,0.28093854,0.034964636,0.593212,0.17890838,0.77794707,0.04627547
-0.1805438,-0.4024986,0.51449835,0.42808893,0.0028802454,-0.90055925,0.1091708,-0.16898558,-0.4825087,-0.6335953,0.88739306,-0.45615909,0.47960296,-0.62879467,-0.62677324,-0.09151569,0.3179447,-0.027878903,0.020775273,-0.30395627,0.8591109,0.51028264,-0.07403744,0.08258258,0.74457675,0.46172968,0.44983733,0.045731127,-0.44861028,0.16910523,0.1791305,-0.30280042,0.29782313,0.0901774,0.5730548,-0.6797577,0.03532763,0.11291742,-0.3597267,-0.16491015,0.6579827,0.14126506,-0.14058757,0.57048154,0.1656102,0.9292799,-0.9291865,0.18952072,0.32645807,0.7863404,0.1991129,-0.056438543,0.10913949,0.71677345,-0.79897094,0.59067756,0.51317114,-0.38077873,0.14490399,-0.52229875,-0.107242174,0.408005,0.5083233,0.2744128,0.4675891,1.0827711,-0.667428,-0.1960106,-0.36736357,0.0068721175,-0.31576273,0.31111437,-0.31617838,-0.015780121,0.67619514,0.36731607,0.5281891,-0.4902601,0.00876417,-0.42123574,-1.0875301,-0.09273868,-0.10439095,-0.19157392,-0.032709092,-0.2894495,-0.018343344,0.5389995,-0.46425086,-0.48973316,-0.1129827,-0.01205351,-0.3082227,-0.10182945,-0.10363341,-0.13240881,-0.22666633,-0.21607244,0.06847651,-0.20967914,-0.003957242,-0.10252901,0.844609,0.06573379,0.41258913,-0.38711557,0.14601842,0.0040613264,0.58448374,0.13670577,0.729436,0.30135113,0.2985273,-0.14982623,-0.92639756,0.4305453,-0.15983947,-0.29873958,0.1748659,-0.32247153,0.20124517,0.26284486,0.747279,0.6431232,0.2659359,0.8876948,0.31374183,0.18655424
-0.040846765,-0.08181533,0.44480133,0.97092575,0.17161922,0.3222481,0.6197754,0.2775948,0.14497423,-0.22191414,-0.1353891,0.26477402,-0.15245876,-0.32617736,0.31627667,0.064613566,0.6156988,-0.045025885,-0.02983521,-0.17649056,0.29906243,0.33221793,0.36966482,-0.43245965,0.42397496,0.21272735,0.5724527,0.06919752,0.38653523,0.2980343,0.14498836,-0.03791131,0.104792684,0.017837945,-0.18179895,-0.8514597,0.5691189,-0.080951765,0.30904847,-0.114256315,0.020721331,0.17830586,-0.06381313,0.2423999,0.17094822,-0.13191961,-0.02743917,-1.0241646,-0.6493565,0.45914423,-0.2105652,-0.1274671,-0.11165469,-0.12531108,-0.5361022,-0.54545844,0.23778251,-0.6048752,-0.3710347,0.18774308,-0.35534444,0.45242712,0.23746414,0.5673319,-0.32415032,-0.16439928,0.084194474,0.2630206,-0.38502854,0.5228975,0.3051355,0.3305388,-0.6166608,0.36062235,-0.1981775,0.53077495,0.07254216,-0.24231893,0.34999675,-0.01164287,0.17356478,-0.2809314,0.3830018,-0.19778667,0.26719123,-0.40444118,0.18889067,0.36312595,-0.37775445,0.13063076,-0.12525904,-0.30707192,-0.27667296,0.2476835,-0.16398773,0.100015536,0.514197,-0.11133015,0.063930154,-0.7171835,0.32321706,0.1178696,-0.10424342,-0.021984406,-0.43728295,0.15929912,0.48171002,-0.25422868,0.4313972,-0.008616939,-0.4228252,-0.27856898,0.19751978,0.16879821,-0.23236349,0.28898105,-0.2691742,-0.23553985,0.044664823,-0.2259338,0.15720919,0.09126997,0.027920537,1.1127816,0.47458816,0.6063424,0.11871861,-0.06256276
0.50686824,-0.5826088,0.5190096,0.18816182,-0.0002456829,0.0746518,0.36674917,0.6093058,-0.7224883,0.24910063,-0.0026364326,0.5779736,0.22446655,-0.26991105,-0.2455959,-0.42275858,-0.22574122,0.64882666,0.022306465,0.07538054,0.0776646,-0.0048554987,0.3712003,-0.20132989,-0.12247959,-0.10347547,0.013455542,-0.08808337,0.33021355,0.4822969,0.077552035,-0.43333423,-0.1929993,0.029977528,0.19044277,-0.64581263,0.38547033,0.07996723,0.16910085,-0.046251327,0.2749257,-0.49519658,-0.09114674,0.28106654,-0.054300338,0.06871725,-0.36730483,-0.39588454,0.13775985,0.07146344,-0.038895488,-0.29842377,-0.005520053,0.109537095,-0.58144486,0.3004982,0.16989607,-0.10482873,0.35727808,0.2166447,0.24664432,0.36006996,0.20749262,-0.12239048,0.114795074,0.22680923,-0.24773675,-0.628679,0.011021401,0.44202018,-0.020213805,-0.38379973,0.24228795,0.7022519,0.19629817,0.19870967,0.35009104,-0.15708691,-0.09009378,-0.1455908,0.4055348,0.39949423,-0.06783444,0.15837741,-0.909416,-0.12764263,0.14064686,0.26151064,-0.7536626,0.017086983,0.32446468,0.29522943,-0.26469052,0.11696309,0.41896036,0.0070720315,0.07105258,0.6702527,-0.2576996,-0.5922445,-0.0798786,0.29711258,-0.07149778,-0.020376638,0.3600196,-0.12231839,0.39790383,0.18364646,-0.21705802,-0.0098017445,0.5142351,-0.6716532,0.34305513,0.30219772,-0.6455378,0.7473738,-0.74749875,-0.14388193,-0.15677729,-0.15955415,-0.24960016,0.20749182,0.041836135,0.51591253,-0.12368634,0.6094612,-0.13628857,-0.10975871
0.24091275,-0.13093993,-0.1989599,0.04815799,-0.82930875,0.3548664,-0.23138218,-0.62544036,-0.052196056,0.023971856,-0.40924007,0.2615776,0.2005628,-0.4543993,-0.06111805,-0.024019472,0.08962623,0.24343926,0.18192165,0.15315858,-0.16809733,0.032997377,-0.10247817,-0.42497882,-0.27634847,0.21931803,0.091821276,0.26588303,0.5897026,-0.32396412,-0.06728974,0.0072369277,-0.14754905,-0.3649146,0.2986858,-0.08035173,-0.0341544,-0.106171474,-0.06781146,0.429714,0.18719062,0.34523913,-0.11528041,-0.11062558,0.48368797,-0.03883356,0.032031424,-0.24543507,0.35001892,0.45388517,-0.17946461,0.21225461,-0.30126923,-0.10812439,0.14287585,0.30019498,0.7505499,-0.12711373,-0.39450046,0.39309978,-0.5009381,-0.27269718,-0.29075313,-0.15788856,0.24242535,0.10485308,-0.22010049,-0.009463204,0.36226714,0.12716407,-0.3068798,-0.613873,0.1891961,0.38420516,0.5264038,0.037481487,-0.13470407,-0.109126896,-0.1700714,-0.31735343,0.326628,-0.58214545,-0.033518255,-0.0994996,0.36137998,-0.41861883,-0.06647622,0.5586534,-0.24485195,0.23027703,0.1469099,0.31799278,-0.35837662,-0.22383642,-0.037377737,-0.033454373,0.26286495,0.099028245,-0.6168398,-0.11817488,-0.34242773,0.4325926,0.6022281,0.7604025,-0.054344192,0.05056548,-0.6679989,0.24485129,-0.047745034,-0.10757503,0.6055726,-0.18132456,0.19969247,-0.10611181,0.38647255,0.3502898,-0.011431593,-0.15044385,-0.30484426,-0.043545615,0.15583923,-0.17019987,-0.004053995,0.09734898,-0.65585077,0.12966266,-0.43367466,0.20537516
0.22544394,0.58643955,-0.13754347,0.31079134,0.025963023,0.23749994,0.014693536,0.1603012,-0.8662528,-0.35325286,-0.20120989,0.45396668,0.13132915,-0.06951358,0.018265337,-0.068690136,-0.015158579,-0.13171843,-0.09744052,-0.39578754,0.112537295,-0.09686077,-0.07391281,-0.023082694,0.298643,-0.53112924,0.066637605,-0.2872183,0.18507925,0.23990971,0.41293633,0.016232878,-0.38227051,-0.015894266,0.06432391,-0.5642786,0.62348646,-1.1764176,0.47340992,0.050898205,0.39334196,0.5435029,-0.23633385,0.25525513,0.22112957,0.21103133,-0.11738431,0.0964472,0.21001528,0.37209177,0.41105217,0.23401539,-0.29683834,-0.15629385,0.020476766,0.044630818,0.21231908,-0.6698984,-0.17071813,-0.1283315,-0.23510909,0.6439788,0.11903256,-0.30856085,0.20572622,-0.24551064,0.14686072,0.051159162,0.10817128,0.34505758,0.5116471,-0.3426392,0.057412326,0.28540984,0.39438543,0.106571764,0.23085436,-0.23701903,-0.29895455,-0.4993493,0.42466706,-0.21026376,0.8536883,0.13775592,0.026074171,0.15543829,0.33195236,-0.1256288,-0.116191596,-0.009617411,-0.32835838,0.10936581,0.0017853901,-0.049474522,0.80052054,0.5382681,0.073094144,-0.25535107,0.33629996,-0.6690236,0.08967823,0.072497725,-0.002972804,0.082360044,-0.34207642,-0.68721455,0.31742254,0.040805966,-0.77492607,0.3964913,0.05946502,-0.022569895,0.22615,0.06193912,0.2879687,-0.21642558,-0.4192377,0.41470355,0.09913051,-0.55218285,-0.50058943,0.46396688,0.48915458,0.6001139,0.48100182,0.30230814,-0.547021,-0.14510824
-0.01340498,0.2777462,0.19940382,0.34849524,-0.31474656,-0.2824551,-0.24061137,-0.087000206,-0.07709267,-0.08149138,0.104134895,0.48139283,-0.15793625,0.61368334,0.03322223,-0.19572987,0.46944386,-0.1420855,0.03719163,0.05059942,0.023879003,-0.03632465,-0.21047594,-0.22969931,0.99351615,-0.33022523,0.22238843,0.4889085,0.15555365,0.15877825,0.35440594,-0.05345815,0.23072094,0.28340787,-0.004085198,-0.86610746,0.36829704,-0.21043712,0.26767728,0.33469698,0.08348204,-0.045922816,0.49266046,0.48201787,-0.03236228,0.1349622,0.23294473,0.30711466,0.23051015,0.1906665,-0.059470043,-0.28929883,0.11862017,0.3917672,-0.22607218,-0.2399464,0.22320664,-0.18892717,0.016366258,0.047478087,-0.17010869,0.97364855,0.3180587,0.2118238,0.1367661,0.0056179576,-0.40689313,-0.1627415,-0.15113492,-0.056864023,0.2758819,0.045230716,-0.45869818,-0.38797033,-0.25405565,0.11368404,0.15447491,0.02698037,0.17912085,0.23692185,-0.17638218,-0.14039756,0.31558296,0.09861368,0.07892094,0.2722921,-0.023346663,0.4014203,-0.4484431,-0.23956501,0.0028724596,0.19879478,-0.25649098,0.3423709,0.01070369,-0.2811075,0.11675665,0.21673459,0.29160637,-0.77589816,0.3970483,-0.011823714,0.42100576,-0.14419322,-0.3425078,0.04450774,0.40020674,-0.20017105,-0.026178658,-0.09814364,0.01271839,0.22331083,0.16198325,-0.033248022,0.19781545,-0.1121247,-0.34579167,0.31578842,0.17670494,-0.19124708,-0.34680074,0.21110111,0.19416004,0.6187227,0.12638272,0.33163646,-0.0746122,-0.27883273
0.3386464,-0.3741184,-0.22379586,0.13271272,-0.36560282,0.02414991,-0.1182764,-0.24494766,0.065234914,-0.32457766,-0.693898,0.26094276,0.081267186,0.30741876,-0.37419084,0.27363017,0.39905894,-0.26406312,-0.5476872,0.29446784,0.24263473,-0.69132644,0.10277345,-0.43755776,0.47449726,-0.0742213,0.20864652,-0.09618442,0.024406694,0.21913925,0.92793477,0.3637583,0.21011317,-0.15957907,-0.28461945,-0.6613935,0.19123426,-0.49166805,-0.31967977,0.043367192,0.49253756,-0.07600389,-0.24205491,0.00455638,-0.054464407,0.3879787,-0.20318356,0.032484993,-0.11021234,0.2957115,0.3758469,-0.14575553,0.36609396,-0.039501164,-0.15747872,0.2172093,0.1570321,-0.32560575,0.1513185,0.3067629,0.12479386,0.734944,-0.08956587,-0.16793734,0.02196841,0.0880675,0.093709975,0.016076677,0.41346076,-0.28010514,0.6851418,-0.10204813,-0.030666664,0.12827717,-0.44707072,0.1804744,-0.35354954,0.19392954,-0.029147748,0.29313135,0.3062959,-0.8331613,0.4179632,-0.21335417,0.2709236,0.36763996,0.6804324,0.39217806,0.2075901,0.18599218,0.32887805,-0.15984887,0.042996995,-0.01846388,0.5725607,-0.03896026,0.16873625,-0.24578641,0.31798804,-0.59320986,0.011460498,0.35891423,0.93774563,-0.34426573,0.19249272,-0.16044313,-0.20691818,-0.14311911,0.15580119,0.071728796,-0.0014741953,-0.014435783,0.046705935,-0.01768069,-0.4084725,-0.3457835,0.51034594,0.36310208,0.20241013,-0.33246884,-0.20891385,0.51443845,-0.1212562,0.15958379,0.20177966,-0.25824293,0.3737694,-0.0011035576
-0.09533954,-0.2615259,0.610139,0.1390571,0.13223362,0.24502754,-0.2905936,-0.28587306,0.08327021,-0.06895518,0.064076096,0.70674765,-0.13108587,0.3228966,-0.17624158,-0.0072692223,0.17627992,0.16487332,-0.018632028,0.51312184,0.11109818,0.13851632,-0.07051961,-0.044206288,0.0020553619,-0.20221996,-0.24784638,0.17515267,0.6684798,0.056791067,-0.7008341,-0.19767782,-0.32177263,0.015084431,0.05277837,0.6131567,0.31644294,-0.035834394,0.19852814,-0.10163666,-0.09535147,-0.2222732,0.2612843,-0.005126938,0.24803452,0.037108652,-0.28900343,-0.15465009,-0.14737746,-0.09886606,0.12744844,-0.29349563,-0.0063289125,0.07075716,-0.22615297,-0.23948261,-0.34740824,0.14792,-0.278273,-0.10211761,-0.0940832,-0.10826067,-0.5418066,-0.10093232,0.016914763,0.012209602,0.009896614,-0.22330523,-0.10341888,0.16053092,0.094784684,0.31744608,0.019511446,-0.04179326,0.46398234,-0.092237934,0.01040633,0.082730934,0.04428705,0.07402856,-0.2867006,0.53185964,0.24714054,0.48136,0.14113143,0.41486257,-0.113525316,0.18114008,0.017635165,-0.1569856,0.14530917,-0.4425597,0.08424252,0.07447561,-0.24792254,-0.18013167,0.64109755,0.4127504,-0.0069139004,-0.14696637,-0.283882,-0.047048554,-0.08520765,0.017325219,-0.5657704,0.37825125,0.08312447,0.4783477,-0.053617742,0.27425417,0.1584037,-0.38363206,-0.09891738,0.040642012,-0.0019455291,-0.31045377,-0.060262807,0.37970152,-0.27839813,-0.43624324,0.09961761,-0.63500506,-0.13793984,-0.26253518,-0.48852608,0.030615255,-0.10712725,0.14101619
-0.10522929,-0.3288286,-0.02925907,1.5502331,0.5511241,0.072989784,-0.06148819,-0.6036449,-0.38959607,-0.24471569,-0.8270963,-0.33834141,0.3728906,0.15532452,0.13401005,0.13941878,-0.004094176,-0.18877976,-0.13401613,0.48546106,0.17315543,-0.41863576,0.17369391,0.09552176,-0.16348173,0.04572437,0.13582897,0.3189323,0.097712174,-0.56353736,-0.015893102,-0.22205234,-0.28323594,0.31960738,0.20076093,0.17321901,-0.0970642,0.21560588,0.09711555,0.15569304,-0.24791056,-0.15299544,-0.033182263,-0.2581835,-0.14238015,-0.40108106,0.4406719,0.053569473,0.052939977,-0.48155665,-0.11776871,0.259245,-0.35788572,-0.20433572,0.45800877,0.20885535,-0.77872837,-0.6006748,0.27081475,-0.10463802,-0.25705647,0.1080904,-0.11234079,0.052342787,-0.4240621,-0.010921726,-0.04546669,-0.118609145,0.26640216,-0.19295612,-0.23045373,0.09882124,-0.008426577,-0.25252628,0.12918817,-0.32391286,0.3038675,-0.6761343,0.5145838,0.037922896,-0.07060411,0.27195096,-0.6579035,-0.28589702,-0.17561081,0.37957132,-0.34101546,0.013822705,0.41412273,0.56099236,0.36503577,-0.21223074,-0.70636505,-0.03128447,-0.30526057,0.32050753,0.37321246,0.19970906,0.39709136,0.3339651,-0.09351596,-0.39114043,0.053149458,0.053693347,0.077095866,0.294047,0.029965997,0.19646971,0.03076131,0.21785384,0.002186142,-0.37785208,0.4257478,-0.4287879,-0.14327148,-0.36075175,-0.088780984,0.3197475,-0.12093118,-0.058648795,0.07648529,-0.42943642,0.008191712,-0.6137683,-0.99711263,-0.43292302,-0.057103373,-0.3588779
-0.31463945,0.11181404,-0.05592624,-0.5585641,0.32987714,-0.22903657,-0.38079563,-0.0029540062,0.10587393,-0.24406248,-0.16505836,0.09334853,-0.3575547,-0.003703326,-0.0020307675,-0.23526897,-0.50727504,0.07514618,0.18353952,-0.18075958,0.25533304,-0.40871853,-0.01442461,-0.27642125,0.38358432,-0.06600362,0.5578058,0.13423647,-0.19515872,0.29017508,-0.42143393,-0.1521546,-0.021982104,0.4723848,-0.43740895,0.88589513,0.33431193,-0.25309092,0.17448483,-0.17088512,0.059217285,0.092185095,0.015797995,-0.14443359,-0.056867138,-0.08824642,-0.1283922,0.32682005,0.17595534,-0.25639242,-0.37506896,-0.5113451,0.06695105,-0.049107328,-0.038657412,-0.061898746,0.0780206,-0.43458924,0.042828724,0.022842193,0.26033777,0.12790473,-0.2718969,0.33187756,0.10077414,0.10943038,-0.3752966,-0.061795052,-0.061322797,0.061930545,0.153717,0.22868837,0.034748696,-0.027632127,0.41761822,0.21942204,0.00715195,0.0252136,0.19836879,0.19979298,0.32529256,0.14686684,0.077490345,-0.026914384,-0.13795605,-0.24849933,-0.34956962,0.19909528,0.40997285,-0.15281707,-0.04891931,0.3681978,-0.313975,-0.6067034,-0.25582334,-0.15899993,0.16984555,0.15011,0.011519775,-0.3775738,-0.49734798,0.45337826,-0.107183784,0.34872448,-0.14859909,0.29682854,0.27754423,-0.6893089,-0.063856095,-0.3154886,0.19062972,-0.26268122,-0.1267456,0.3927305,-0.0122208595,0.13365854,-0.3999081,0.23200807,0.1713925,-0.5982681,0.24974151,-0.07787388,0.13023514,-0.22506458,-0.36416084,0.44890198,-0.5916513,0.268582
-0.030966155,-0.004345971,-0.7735689,1.1132447,0.42476475,0.37754327,-0.17927793,-0.63370925,0.66029525,-0.07442958,0.43115723,-0.17574024,-0.5358571,0.20786904,-0.11603971,0.15852712,0.2808802,-0.41185528,0.3987928,0.18595573,-0.2117416,-0.915146,0.13812701,0.14979102,-0.3451708,-0.046522606,0.052312143,0.014007948,-0.028593756,-0.30184072,-0.5940716,-0.09647769,-0.075814,-0.12891889,-0.35224614,-0.14278173,0.20642328,-0.1506898,0.11024096,0.19792125,-0.457097,0.10856168,-0.08662104,0.03660767,0.36864272,0.2532883,0.022973841,0.22363749,-0.3983652,0.06044866,0.26704234,-0.35873362,0.15226367,-0.119267,-0.24180639,-0.2866096,-0.46201164,-0.89497787,-0.46036467,-0.090804264,-0.67911166,0.01954896,-0.4148665,-0.5598043,-0.42376947,-0.2395864,-0.3260099,-0.2102127,0.21681483,0.10712327,-0.4317454,0.4076253,-0.026732065,0.055213906,0.1947097,0.049457192,-0.32655394,-0.1596503,-0.22524226,-0.17875819,-0.11493146,-0.18097287,-0.21014395,0.16109854,-0.42248148,0.45697242,-0.37520722,-0.050438393,-0.089774705,0.11155906,0.2629227,-0.32319337,-0.016485598,-0.25838822,-0.10516183,0.11289018,-0.081727624,-0.13903975,0.089639485,0.36264884,0.1632715,-0.67938113,-0.2784217,0.45347592,0.05122176,-0.39082533,-0.15604483,0.30292216,-0.5654631,-0.06419237,-0.5335678,-0.31526235,0.055782788,-0.11698981,0.12533054,-0.1422352,0.49681202,-0.062204316,-0.2976958,0.14992632,-0.01680053,0.33366793,0.3354094,-0.14296696,-0.78111666,-0.22545342,0.13907033,0.32870618
-0.083398804,-0.16069534,0.15510416,-0.7647377,-0.17069808,-0.13970833,-0.43671668,-0.08302023,-0.35625327,0.2786297,0.19750777,0.20575817,0.08514033,0.5639528,0.14895947,0.1310937,0.3650807,0.0731172,-0.27488774,0.24164505,0.076464824,-0.025734581,-0.6189656,-0.37083787,0.15947151,0.07039142,-0.42272243,0.35792708,-0.5925235,-0.011378609,-0.11970783,-0.4154414,-0.31950378,-0.37840518,-0.07814589,0.69630754,-0.38643858,-0.13087927,-0.061121516,-0.56521726,-0.103859864,-0.12204999,-0.40105805,0.21834506,0.33060056,-0.13031119,0.600551,-0.01357089,-0.07326954,-0.105166644,-0.08936132,0.42143768,-0.41912788,-0.075741455,-0.17345747,0.04503481,0.4977666,0.07511145,0.33323073,0.060620733,0.29567283,0.7513395,-0.03548824,0.062468246,-0.27861065,0.11405198,0.24110669,0.33540744,0.36351177,0.05629709,-0.38898855,0.19677562,0.38665265,-0.51901144,-0.06665766,0.5805923,0.2130211,-0.40879548,0.21798912,0.31137314,-0.04233404,0.74345964,0.024309725,0.45102328,-0.1316756,0.035903513,-0.30030832,-0.96009564,0.21320353,0.42944872,0.10419045,0.49369475,-0.10533045,-0.104234144,0.028845979,0.22549018,0.34477112,-0.62685084,-0.41921365,-0.3925311,-0.14869286,-0.32757798,0.6577094,0.080050245,-0.08990785,0.57272774,0.19909868,-0.62096274,0.7493501,0.09174529,-0.2434617,-0.1752136,0.54420894,-0.58126247,-0.46672565,0.07034288,0.21034856,0.2336064,-0.10359626,0.5080202,-0.17638871,-0.022960775,-0.11589122,0.5067946,0.16113506,-0.0045560785,0.16844451,-0.20986027
0.15519843,-0.004616376,-0.21237786,-0.5778692,-0.3517577,0.71483153,-0.02979067,0.021573737,-0.41582435,0.19148016,0.24333513,0.15880539,-0.41957724,-0.5535992,0.64036864,-0.02798532,-0.26450872,0.18003689,0.61420745,0.06255605,0.44986704,0.14645359,-0.16390711,-0.26105008,-0.5426589,-0.1479195,-0.12395324,-0.2759178,-0.033645317,0.02320762,-0.5762589,-0.1081304,-0.28816563,-0.4408248,-0.061283477,0.8590892,-0.14816332,-0.38865116,-0.3066098,-0.12214135,-0.19628513,-0.74889195,-0.048200235,0.070687585,0.15579993,0.078842305,-0.811283,0.15081741,-0.022715017,-0.004558619,0.4244383,-0.3156713,0.43231678,0.61519146,0.1604386,0.023896515,-0.51079035,-0.39555302,-0.3539605,-0.67675054,0.080086395,0.6432105,0.33579612,0.64490724,-0.013081357,-0.4875938,-0.13592646,0.10925735,-0.09961176,0.09630534,0.10450389,0.28762114,-0.82870084,0.031205175,-0.1770297,0.52391386,-0.37235707,0.14451931,-0.16291896,-0.15229242,-0.047411084,-0.24749409,0.06875105,-0.044618644,0.41321623,-0.17377491,-0.21986061,0.23399575,0.10670564,-0.33431187,-0.09931763,0.20557895,0.39547616,-0.012114987,0.24067394,-0.036542244,-0.42139852,0.4479349,0.3613527,0.10413425,-0.29200011,0.21509856,0.14949113,-0.44293106,-0.1251434,-0.3178441,-0.27612126,0.3683282,0.37647027,0.073536925,0.50241095,0.1130629,0.036704503,0.05875393,-0.17075467,-0.4259755,-0.23988049,-0.353797,0.014115952,0.21513343,0.15405868,-0.3446154,0.6623933,0.70885646,-0.3834502,0.13293263,0.24882925,0.21616039
-0.13412184,0.27940586,-0.122459,1.1222856,0.3813374,0.21121238,-0.21440175,0.46829128,0.43259078,0.03170377,-0.36469436,-0.6105337,-0.25509387,0.1822621,0.029718623,0.13404594,-0.27924442,-0.6163693,0.012680642,-0.33413926,0.3269601,-0.35260347,0.13672003,0.026393598,0.3658533,0.45947587,-0.024944996,0.379651,0.38042146,-0.31252527,-0.5669194,0.3653619,-0.11892048,-0.24894787,-0.11163995,0.044816807,-0.05216965,0.14621119,0.08964083,-0.6031978,0.23114553,0.6485681,0.4913506,-0.11463443,0.32704788,-0.678296,0.17211956,-0.15541083,0.06777324,0.3016885,0.32470015,0.12321006,-0.0054635853,-0.74568695,-0.28621772,0.33643973,-0.44402075,-0.037654437,0.40270263,0.15826027,-0.06762317,-0.02856186,0.16522488,0.21518873,0.17170887,-0.48944756,0.60372984,0.47327858,-0.32143408,-0.33066046,-0.8699149,-0.3934232,0.39155334,0.07708508,0.04167894,0.0717611,-0.7186245,-0.22493812,0.23420176,0.28544855,0.15958725,-0.09496035,-0.039056554,-0.37117052,0.15087065,-0.3155537,-0.6297213,-0.4661225,0.24213283,0.0014888421,-0.19123183,0.30302632,-0.56396085,0.21075414,0.35025266,-0.20859182,-0.12918481,-0.2814427,-0.13138181,0.14773774,-0.4230351,0.29829127,-0.15698631,-0.9320265,0.27880126,-0.5002587,-0.05359132,-0.3622027,0.20809545,-0.10508214,0.062205337,0.38217038,-0.30127415,-0.4768178,0.07089975,0.33667243,0.21949014,-0.41619194,-0.10785097,-0.0500891,0.3714311,-0.23741063,0.109086044,-0.16191489,-0.36422372,0.11534569,-0.19369113,-0.55186
0.23277172,-0.27946645,-0.09167802,1.4355698,-0.42539865,-0.7128873,-0.053233292,0.097970925,0.31838736,-0.17853597,-0.66365534,-0.46537983,-0.33562142,0.122990996,-0.009326085,0.39740267,0.1816074,0.16857414,0.26479918,-0.020444516,-0.55056995,-0.5944042,-0.22990876,0.55231327,-0.036290914,-0.04923296,0.09704154,-0.9841875,0.5850744,-0.21432202,-1.1219572,0.3007694,-0.42960623,0.28899935,0.023383271,0.19226438,0.16185404,-0.06322141,-0.07527013,-0.10879453,-0.3240522,-0.29409584,0.09829687,-0.51992923,-0.455775,-0.13907005,0.16087653,-0.11247446,-0.13105687,-0.4128307,0.4997248,0.78988606,-0.46381766,0.4488114,0.018050492,0.7280929,-0.8121771,-0.2458139,-0.30814546,-0.038534567,-0.23183767,0.06041564,0.84494406,0.9046365,0.61008126,0.16439503,-0.42292696,0.0026223026,0.41977018,0.11054708,0.22054473,-0.10447398,0.7964976,0.25965247,0.6274343,-0.08709052,0.45049158,-0.17834318,0.4203071,0.3129054,-0.376807,1.0440263,-0.32228196,-0.6264451,-0.15186802,-0.19405843,-0.23800912,0.17267954,0.16594118,-0.3467517,0.3277254,-0.56769407,0.01127536,-0.34759542,0.44289014,0.0647866,0.32766157,0.030786872,0.17590225,0.5557919,-0.55423975,-0.18779932,0.19989023,-0.046717554,0.1293524,0.47706282,0.15289274,-0.25788465,-0.15610248,-0.31235626,-0.3813128,0.12585786,-0.47024992,-0.2898469,0.5018021,-0.21112674,-0.2814365,-0.06324814,0.19515832,-0.42253473,-0.21745409,-0.6872464,-0.8399802,-0.7672239,-0.3483071,0.26439977,-0.38501558,-0.47725633
0.9357158,0.23033461,-0.67549175,0.6772231,-0.3722404,-0.9880125,0.12616034,0.25161633,-0.31632352,-0.07507241,-0.19318962,0.114173666,0.9395245,0.14083171,-0.16203938,0.14640522,0.23730788,-0.3763148,-0.62906003,-0.6900605,0.39755246,0.09798981,-0.5163566,0.41105926,0.20655933,-0.30488154,-0.43800378,0.71605587,0.08378631,0.82066345,-0.38225478,0.95655096,0.2601265,0.23164082,0.089665085,0.89648986,0.5620978,0.10146436,0.45655835,0.057806537,0.655824,-0.3546462,0.09049014,-0.33639595,-0.30395773,0.44090265,-0.6168705,-0.2124859,-0.6601541,-0.2146145,0.27722007,-0.39510137,0.4168326,-0.33164513,-0.42308417,0.35379627,0.2644621,-0.17374611,-0.37620845,0.28709802,0.101688564,-0.27052447,0.19095072,0.26035824,0.100048184,0.31772435,-0.23204407,0.08677651,0.28379482,-0.12277837,0.044916093,0.39026788,-0.52780515,-0.15469071,-0.20247595,0.86783713,-0.3987096,-0.2361652,-0.335062,0.4832863,-0.19727325,-0.12620713,0.4005244,-0.14434052,0.24070835,0.16556026,-0.6501427,-0.096207246,-0.037752524,-0.13699964,-0.2340176,-0.2371882,-0.013078921,-0.19660054,0.27561948,0.046161518,0.21849534,-0.0029946119,-0.53811777,0.032449394,-0.3451204,0.8262393,0.27882978,0.006646812,-0.3376838,0.014632106,0.086032376,-0.73163706,0.008365005,-0.39728183,0.6512031,-0.26618487,-0.41167808,0.04771892,-0.30186743,0.023025978,-0.15772799,-0.248337,-0.7351078,-0.28337696,0.09349916,-0.8599126,-0.27975488,-0.78066695,-0.8993867,-0.446382,0.36113217,0.30575606
-0.8943264,0.37658668,-0.06387973,0.030115843,-0.41412103,-0.46675175,-0.30872405,-0.19920075,-1.0674094,0.6904981,-0.59758353,-0.20389596,0.10172681,-0.0961134,-0.7611397,0.34093776,0.6178482,0.23678423,-0.42017975,-0.405524,-0.004231084,0.16540636,0.46893495,-0.21350758,-0.62144244,0.5865853,-0.21200463,0.5681675,-0.3858003,-0.64005804,0.22201404,-0.025819879,-0.5213809,0.41892713,0.768286,0.2741331,-0.618438,0.37857026,-0.11261735,-0.8383319,0.44205427,0.34875768,0.2288804,0.4748678,-0.2569249,0.3148978,0.44866017,0.28110433,0.1326899,-0.4626952,-0.53603274,-0.07000847,-0.74283826,-0.08232319,-0.5575737,-0.1614685,-0.7166569,0.41792804,-0.03571847,-0.82785535,0.16883466,0.0038175243,-0.018829465,0.42329496,-0.081965655,-0.11097222,-0.03389142,0.40762275,-0.6974038,0.24925408,0.049700473,0.17856848,1.261397,0.2353529,0.48869392,-0.40785125,-0.6921335,-0.7039031,0.14088263,0.26733005,-0.96017647,0.5029279,-0.16080312,-0.270657,0.22653711,-0.07261757,-1.083432,0.3827691,0.09343392,0.09748443,0.36461982,0.04993421,-0.30036008,0.30715132,-0.4322721,-0.006272085,0.3680614,-0.3281228,-0.49753633,-0.17905004,0.035277247,0.04613855,-0.7947259,-0.015730679,0.488273,-0.0015004277,0.17256556,-0.20764405,0.34250778,-0.34864712,0.06076723,0.46176252,0.48449314,0.09823014,0.06337836,-0.9767506,-0.57657295,0.14036888,-0.2875292,0.10695702,0.8382826,-0.030207694,0.246133,-0.39807966,-0.08286353,0.07495257,-0.75322336,0.8535892
0.20813392,0.10824455,0.005220527,-0.19530246,-0.6002008,-0.045164667,0.24573877,-0.02749075,-0.38378477,-0.261046,0.033200394,0.017192766,0.25458294,-0.21329032,-0.46602204,-0.22724035,0.12507334,-0.03617637,-0.23291962,0.028379291,-0.19306591,0.7004434,-0.28579247,-0.11022022,-0.25796208,0.09642519,0.17480534,-0.13727543,-0.1507746,0.2712255,-0.47455135,-0.26065156,0.09347693,-0.14034232,-0.2233351,1.0428777,0.14510366,-0.32932806,-0.21573225,-0.008249164,-0.17505991,-0.29677048,0.029626995,-0.07039939,-0.32562947,-0.3638019,0.52133316,-0.11218294,-0.15184008,-0.03427461,0.63987595,0.41815132,-0.10054724,-0.111890994,-0.23224205,-0.06848893,0.13783634,-0.15962075,-0.43661746,0.05643014,-0.010426861,0.0767716,0.29739606,-0.05017014,0.16098249,0.2126848,-0.08772006,0.53937703,-0.15682071,0.3371941,-0.39222282,-0.14006163,-0.1710689,0.38431713,0.030387979,0.14644459,0.41623235,-0.45777547,0.12310538,0.19004485,-0.13562992,0.3080878,-0.091119856,-0.0085901655,0.36136505,0.019570187,-0.35590017,0.07330866,-0.48125196,0.22236618,-0.16553573,-0.27208984,-0.13115497,-0.15106277,0.33306584,-0.28973252,0.596349,0.056791246,-0.11873126,0.33590415,-0.05427554,0.21066944,0.2943015,-0.48776,-0.16677049,0.06835284,0.22949292,-0.16885233,0.22894657,-0.29420313,0.09912391,0.48205984,-0.23487264,-0.065709114,-0.0918525,-0.0446703,-0.4056824,0.110577315,0.008651402,0.17724517,0.40342003,-0.70442957,0.13260698,-0.323906,-0.35677844,0.006734729,0.52486616,-0.055718314
0.5816225,-0.09336323,-0.15901911,-0.32241595,-0.38391632,-0.15213187,-0.67901677,-0.20417634,0.2400733,0.105339795,-0.24886718,0.056753643,0.22102527,-0.07092841,-0.71040165,0.11106153,0.15853885,0.14162362,0.005880207,0.38222605,-0.079110995,-0.21832696,-0.17750363,-0.47353265,0.2066454,0.1636096,-0.04620952,-0.2864771,0.34116113,0.1500138,-0.26314577,0.053870313,0.1902063,0.17956844,0.0415053,0.88316786,-0.10947814,0.0955166,-0.43573394,-0.7710129,-0.47155952,0.52691567,-0.09537782,0.021729842,-0.17747888,-0.40188742,-0.031416036,0.016499959,-0.0121648945,0.08940604,-0.74463737,0.16018888,-0.32943168,-0.13175187,0.11702581,0.1486796,0.28486207,0.39261177,-0.46848923,0.522942,0.22441436,0.3585267,0.059441153,0.75600195,-0.1978369,-0.15896654,0.35748175,-0.9804789,0.64260757,0.029377475,-0.81790054,0.42047942,-0.045480378,-0.24189574,0.2905249,0.10554188,-0.062284414,-0.052917432,-0.2338624,-0.20257536,0.101028815,0.26305342,0.05215431,-0.42214558,-0.6008202,-0.3580145,0.17138392,-0.006928727,0.06271751,0.39220375,0.031343862,-0.6045341,0.1968155,0.22906801,-0.018181447,-0.029779479,0.4216895,0.13654211,-0.14012584,-0.18312684,-0.42544478,0.12990941,0.10827261,-0.5811401,-0.56447303,-0.2374039,0.2569547,-0.13638309,-0.34640682,-0.14120063,0.21026939,0.40142047,0.6345053,0.31169403,0.607027,-0.27816802,-0.29101494,0.1328262,0.1974568,0.023077562,0.24389896,-0.6272475,0.14652476,0.09369433,0.32312575,0.039076168,-0.55424476,0.7498996
-0.16588627,0.3617373,-0.25184342,-0.42403296,-0.22160572,-0.0741085,0.48224974,0.17641632,0.025125712,-0.11794836,-0.48490006,-0.06450772,0.3831728,-0.007741466,0.2682165,0.08067705,-0.16691244,0.6292313,0.16706859,0.013225973,0.26939762,-0.32520694,-0.37565893,0.37733144,0.09864942,0.2751613,0.398584,0.104190454,-0.27158517,0.14363606,0.02630125,0.017592117,-0.56820756,-0.33740616,-0.1026929,0.60976976,-0.20928319,0.21820414,0.34000784,-0.08701007,0.14767213,-0.118710816,0.23347536,0.26376528,-0.4458529,0.43172395,-0.27559805,-0.10397355,-0.38640139,0.048809692,-0.0063831285,0.119992256,-0.43086746,-0.4289377,-0.12199162,0.35334367,0.24836472,0.055145726,0.20345989,-0.09292477,-0.42760628,0.9312868,0.3268128,-0.108774684,0.11981863,-0.049677536,-0.39414552,0.14700803,-0.056103572,-0.15391101,0.120744884,-0.001304321,-0.05529251,-0.6053404,-0.18735623,0.11968525,-0.05976644,-0.27620375,0.014360605,0.15391617,-0.18959084,1.0351559,-0.24133675,0.20536548,-0.53748703,0.17089477,-0.079735115,-0.29201823,-0.6623666,0.04466121,-0.19701603,0.4739075,-0.47852966,0.107393175,0.0728033,0.047205582,0.41050756,-0.24264275,0.011726174,-0.40107822,0.047147483,-0.039832387,-0.27690265,0.21273026,0.15848577,0.3169331,0.11230452,0.18907313,0.23223019,-0.062441174,-0.061921366,0.036597118,0.0531594,0.22527781,0.0051106215,-0.05349824,0.08214046,0.079918295,0.017954806,0.23939079,-0.048600867,0.32606804,0.25467375,0.12813765,-0.052323867,0.084050424,0.16838276,-0.15645535
0.34285864,0.38567498,0.06383784,1.4817661,0.13154386,0.45644456,-0.2838127,0.28211948,-0.13923742,0.46105483,-0.14081532,-0.24751891,-0.06608703,0.31595862,0.027201844,-0.121527724,-0.24576071,0.060121194,-0.1763039,-0.055532634,0.01490527,0.009652674,-0.32915568,-0.15575367,-0.25129467,-0.029099196,-0.12228606,-0.04896235,-0.5786632,0.3873437,-0.92505586,-0.027340665,0.04411446,-0.10165427,-0.49347115,-0.15781575,-0.37893096,-0.23087846,0.039658017,-0.2052982,0.071306676,0.23479575,-0.0486973,0.007811917,0.5176272,-0.33242974,0.24083298,-0.42883462,0.25565076,-0.512827,0.10858569,-0.05896969,-0.47603595,0.08649436,-0.28864416,0.28534296,0.07749777,0.11168599,0.5699669,0.13302758,0.39086795,-0.17237498,0.024374723,0.30173114,0.30803627,0.088664845,-0.30340585,-0.006481231,-0.05580857,-0.24661091,-0.10929222,0.14004366,0.30024233,0.4231084,-0.09136699,0.019509614,-0.43152666,-0.19154757,0.38627863,0.14142266,0.16303717,0.27170336,0.22968523,-0.1391335,-0.13557819,-0.27049223,0.026011407,-0.3952374,-0.03095486,-0.08546844,-0.06973494,-0.017117608,0.15068704,-0.03720648,0.046768922,-0.36388665,0.24468184,-0.33794805,-0.1926274,0.21731324,-0.2940788,0.0002104193,0.051625583,0.04056394,0.14444758,-0.09105733,-0.12845014,-0.023126625,0.2153403,-0.0501602,-0.012151666,0.15617886,-0.5634094,0.107414246,-0.011708882,-0.05978459,-0.06771585,0.029833796,0.15485257,-0.23469537,-0.06808206,-0.4474548,-0.010441251,-0.99258965,-0.6411798,-0.07779463,-0.048305124,-0.10707702
0.5895122,0.4379879,0.31922728,1.0169837,0.37882668,-0.211371,-0.5543014,0.31751397,-0.07762866,-0.43321407,-0.5438937,-0.029408408,0.06265384,-0.6691673,-0.15733895,0.588525,0.8243648,0.19705105,0.36175588,0.3713238,-0.34460264,-0.66931266,0.054820213,-0.3035769,-0.6032957,0.48677847,0.14227991,-0.06560583,-0.26978824,0.36310253,-0.64260554,-0.04894127,-0.21077368,-0.13011944,-0.018393353,0.13511416,-0.15053383,0.055367444,-0.13726214,0.2687804,-0.5459489,0.64861816,0.25861493,-0.030320283,-0.033970207,0.24983501,0.5003668,-0.22142407,0.009546176,-0.24156412,-0.7672515,-0.9520459,-6.351434e-05,0.10678828,0.065739796,-0.03694065,-0.6815195,-0.72983724,0.35101533,-0.14985664,0.30880606,0.34434646,-0.13525924,-0.05709502,0.23675051,0.40608993,1.0752887,0.67543006,-0.3765758,0.1984714,-1.0202909,-0.022048581,-0.46369523,-0.49030724,-0.33588433,-0.16462839,-0.6615622,-0.07633875,0.61678445,-0.28047603,-0.12756036,0.39821243,0.5578882,0.06888385,-0.924771,0.41661152,0.15071224,-0.12081744,0.5824565,-0.009191703,1.0208156,-0.19298764,0.27375543,-0.6336773,-0.32410735,0.2680397,0.10991818,0.3391126,0.04324232,0.60793424,-0.36435443,0.71735334,0.16200465,0.7483516,-0.08964451,-0.04385586,-0.73564774,0.35352936,0.16072083,0.13483214,0.39341125,0.14325155,0.3205512,-0.35166875,-0.09856788,0.098039225,0.296897,-0.6796019,-0.19856451,-0.3785034,-0.19539629,0.34840274,0.31870604,-0.04823663,-0.7334434,0.4237134,0.26720482,0.18328878
-0.16341677,0.18647565,0.16791748,0.046102516,-0.49013358,-0.17056127,0.35086268,-0.2534271,0.1883894,0.6942676,-0.067983605,0.09784658,-0.2056628,0.4233407,0.037931427,-0.34208354,-0.5109451,0.19039679,0.24584621,0.15039821,-0.24847557,0.16303413,0.07726538,-0.048746943,-0.102316685,-0.3272672,0.56040674,0.03943769,-0.021701388,0.06434898,-0.09350166,-0.22389485,0.32573506,-0.0965161,-0.073451675,0.61269724,0.046778403,0.4371678,-0.11750742,0.049931463,-0.01057706,-0.15415093,0.23164639,-0.42135325,0.5223495,0.23929639,-0.41218442,0.44027165,-0.114123955,-0.29590425,0.1682904,-0.43268546,0.3283651,0.40093896,-0.19797285,0.11217752,0.42051846,0.15269837,-0.028004527,-0.19934797,0.4374917,0.50817895,0.15580845,0.59337986,0.37730926,-0.5022578,0.08689303,0.054806516,0.13020784,-0.13968846,-0.017420352,0.19759907,-0.009772144,0.05718072,0.06391618,0.029839724,0.6927227,0.14423081,-0.18500444,0.041004293,-0.14906399,-0.28124928,-0.44881922,-0.081908844,-0.27667785,-0.38476765,0.02901477,0.25755626,0.6894349,0.11508277,-0.048881277,0.2071219,0.36912405,-0.3024008,-0.17060243,0.027323112,-0.031431496,0.21803442,0.082679704,0.29363078,-0.07116204,-0.28703895,-0.43966326,-0.4842769,0.4514778,-0.32356787,0.32834244,-0.21896748,0.366352,0.27125567,-0.43852198,-0.34167516,0.48559794,-0.24654543,-0.4531346,0.0712187,0.51444805,-0.4263216,0.32962495,0.4283598,-0.17747886,-0.40866214,0.20950244,0.80793977,0.32168117,-0.18562862,0.103971034,-0.28489572
0.64382434,0.43630868,0.34250808,-0.89727724,-0.82749873,-0.3829863,-0.2759927,0.16321276,0.03999822,0.08104562,0.0151859075,-0.32890907,-0.1616686,-0.32323238,-0.05961123,-0.018518468,-0.07548838,-0.2397204,-0.010772228,-0.36054087,-0.07828553,0.48849133,-0.06533755,-0.20058988,0.19038329,-0.22761674,-0.14367524,-0.31841266,0.22243306,-0.12546256,-0.024693072,0.2196295,0.049499754,-0.24323748,-0.064225465,0.5981525,-0.17855045,0.17407465,0.24516025,-0.6090792,0.17369574,-0.24183708,-0.14948162,0.12280459,0.018495362,0.05754433,0.13482022,-0.606119,-0.27352816,-0.14303577,0.0627162,-0.0349634,-0.033974573,-0.0245074,-0.37238774,-0.3214876,0.13584451,-0.57193726,-0.38692206,0.18741761,0.28891796,0.48133406,-0.09807992,0.311267,-0.16526651,0.20746678,-0.10597435,0.24056695,0.044544384,0.2712125,-0.66147834,0.024675228,0.31344748,-0.005658067,0.20063835,0.19816637,0.39497313,-0.17820188,0.16079219,-0.24471861,-0.1631434,-0.12611046,-0.36521387,0.034812823,-0.03624003,-0.33889893,-0.13232514,0.08177459,-0.056316234,-0.04284825,0.017576009,-0.30627775,0.22244196,0.31989875,0.26070565,-0.29566514,0.17768966,-0.4816283,-0.035550192,-0.23415197,0.38456687,-0.09878013,0.30389717,-0.35737395,-0.21967751,-0.04694587,0.14155585,-0.5686941,0.1636017,0.15801196,-0.23872569,0.41258886,0.3707255,0.031115867,-0.42867702,0.61640406,0.060929537,-0.09244497,-0.3972032,0.013321105,0.40162423,-0.35374704,-0.30313453,0.5184324,0.14617722,-0.08095339,-0.47446805,0.28596658
-0.38971132,-0.14472583,-0.3518049,1.206719,0.47105655,-0.5403759,0.54162914,0.338929,-0.2284278,0.45612675,0.11113767,0.20846727,0.0034287944,-0.15642828,0.2225741,-0.031608686,0.5040188,0.17200865,0.4517203,0.146749,0.3715589,-0.22914906,-0.5364108,-0.31316912,-0.3336505,0.44554532,-0.26092482,0.06752482,0.9872584,-0.0010264218,-0.49939135,-0.5947874,-0.005222738,-0.14522374,-0.29477817,-0.58213985,0.13245293,0.18737736,-0.10632169,-0.15762079,-0.29331478,0.45633605,0.60621667,0.049525872,-0.6213087,0.21557821,-0.16499534,0.24791622,-0.17893118,0.039226174,-0.27401772,-0.67898905,-0.35404968,-0.6480284,0.07244078,0.0720987,0.26082468,-0.47936714,0.47821295,0.2465432,-0.014651597,-0.25268877,0.10738792,0.5430289,0.0923913,0.1623792,0.5250013,0.3971104,-0.0732494,0.076898456,-0.030762285,-0.23048598,0.33901435,-0.37403643,0.5439621,-0.30627534,0.50738937,0.23091789,0.063099995,-0.46978092,0.32030746,-0.07935181,0.5499219,0.19791502,0.34624732,-0.30650282,0.1839827,0.1052876,-0.08105378,0.04382678,-0.3141638,0.025307763,-0.24980432,0.3844237,-0.73158354,-0.13302247,0.5491622,-0.06568938,0.34920296,0.18128942,0.7321307,0.1424224,0.44809094,-0.08886817,-0.35582292,-0.36069512,0.27165627,-0.37310517,0.49354643,-0.26456022,-0.34561118,0.016451256,0.46766865,0.10540138,0.37936693,0.41118774,0.085998714,-0.17025203,0.25424117,-0.1740751,0.041692525,-0.73784626,-0.6136816,0.43335053,0.28435713,-0.13325043,0.24039027,0.08801316
0.596663,0.34835404,-0.0037901485,-0.86666,0.019438624,0.087764725,0.20047599,-0.023114786,-0.114867754,0.099250615,0.09063943,-0.12298128,0.003008999,-0.10791147,-0.25853324,0.12952924,0.08877054,0.45094058,0.038438022,-0.7296969,0.29031968,0.5045311,-0.3081493,-0.0011289269,0.33651176,-0.14546321,-0.21162656,0.006685175,-0.2743971,-0.22874722,-0.36276108,-0.058894895,-0.45569924,0.1576481,0.33667016,1.0577954,0.14630997,-0.22251,0.037042677,-0.22557028,-0.20942268,-0.15677993,-0.08167997,-0.02268093,0.09698957,-0.35273018,-0.0650098,-0.22830446,-0.28778297,0.03784962,-0.030987006,-0.12698829,0.34609094,-0.5234904,0.17302926,-0.2362638,0.10799551,-0.21183677,-0.27950943,-0.22373854,0.28862414,0.4836179,-0.34613034,0.1837717,0.3841071,-0.31545347,0.20295933,0.31098613,0.23230554,-0.043832988,-0.48769903,0.23072214,0.13345215,0.11174913,-0.11825033,0.308441,-0.27541193,0.1332594,-0.03212805,-0.1047262,0.12232241,0.13859871,0.17674407,0.019352745,0.21237142,0.10128167,-0.6070469,-0.35244986,-0.5474421,0.13072667,0.26736116,-0.47690704,0.05244528,-0.18241772,0.2508164,-0.03250692,0.31900457,0.029491514,0.010226186,-0.15130591,-0.27403867,0.16354147,0.06956759,-0.11638081,-0.2446967,0.40101555,-0.009185206,-0.09847371,0.70818466,-0.41253185,0.10920325,0.38150057,0.18079367,-0.45560864,-0.30098334,0.15710562,0.20265856,-0.24535552,-0.48315114,-0.22452883,-0.03294842,-0.09675772,0.11438011,-0.17550878,0.22156502,0.12902954,-0.29383388,0.06166224
0.41722432,-0.21619226,0.1877435,-0.7509665,-1.056536,0.63814026,0.03961062,0.244499,-0.38273832,-0.26927513,-0.19281095,-0.050524898,0.046113357,-0.2613511,-0.06318617,0.25204164,0.17046726,0.1586629,0.14029787,-0.22392608,-0.13407202,0.24056937,-0.3755318,-0.21504962,-0.23866938,-0.07494153,-0.18873231,-0.30530816,-0.10626176,0.003327772,-0.19025327,0.2520844,-0.20790748,-0.11799221,-0.27757576,0.6449219,-0.06282683,0.18971811,0.07261335,0.40248138,-0.146766,0.40991226,-0.17888781,-0.3741354,-0.19108525,-0.18867387,-0.03783728,0.04630211,-0.016370311,0.4463463,-0.49746472,0.2124038,-0.19077422,-0.2245699,0.33834797,0.1184672,0.26815063,0.048605397,-0.09273197,0.60057575,0.13613218,0.30040067,0.22172384,0.23070706,-0.58261454,0.15989101,0.3073428,0.35361162,0.5013896,0.24964893,0.39653865,-0.26627484,-0.07996936,0.14789419,0.24349384,0.26956296,0.37936205,0.23681436,0.04933871,-0.22747162,0.2759124,0.123438045,-0.34725612,0.29465115,0.13655783,-0.98575556,-0.17181101,-0.36894852,-0.20381615,0.35866055,-0.5171969,-0.04499278,-0.18308976,0.2331107,-0.047820643,-0.032367617,0.15548775,-0.04701975,-0.29537475,0.4063216,-0.11000765,-0.4181977,-0.10334065,-0.344562,-0.38009396,-0.560058,0.05888261,-0.4176321,0.13923433,-0.4237035,-0.13388292,0.085726246,-0.4949226,-0.040455632,-0.6974279,0.16606046,-0.1623433,-0.17124167,0.017071415,0.17487179,0.4314187,-0.5201532,0.05282268,0.5783793,0.2876392,-0.06193767,-0.09780501,0.19755168
0.32461202,0.38951403,-0.26290905,0.1568867,0.7175006,0.040332243,-0.033708483,0.6407885,0.3337139,0.25655574,0.7501775,-0.28725016,-0.17858012,0.3806028,-0.036794297,0.5104696,-0.030917043,-0.034043267,0.7238257,-0.15489553,0.20151797,0.19097218,0.7649575,-0.09765072,-0.22859415,-0.21044654,0.24957702,0.06392042,0.15898833,0.7297624,-0.73419714,0.35778928,0.10435018,0.20205623,0.42694318,0.5675224,0.041426525,-0.17974702,-0.4036877,0.41897106,-0.037695978,-0.3255542,-0.30962488,-0.100655206,-0.020291725,-0.053583525,0.31835607,-0.3011024,0.09548021,0.28527424,-0.03132627,-0.23347948,0.35283434,-0.51622075,0.39662525,-0.36484405,-0.65275663,-0.40152365,-0.47621632,-0.27744618,0.34579766,0.052384473,-0.53781646,0.13492338,-0.38598764,-0.2856259,-0.3285088,0.59405667,0.33276087,-0.028196644,0.5435227,-0.29668695,0.024798783,0.07556203,0.16082907,0.39451647,0.5373698,-0.1819996,0.39851993,-0.22459136,0.070879236,0.34514904,-0.4396003,-0.18413867,0.12514338,0.01088994,-0.09147014,0.48425764,-0.6858386,0.93477046,0.04796853,-0.283771,0.41245985,-0.29144788,-0.56356823,-0.63241416,0.37800825,0.23517546,-0.604934,0.5015929,-0.15570498,0.14742082,0.10050523,-0.25268734,0.053287,-0.14653039,-0.16224912,0.06691967,-0.3021871,-0.20596394,0.2269961,0.32857576,-0.49791014,0.40799585,-0.19189665,0.33531746,-0.30481315,-0.035141483,0.11456123,-0.2830953,0.29686782,-0.07124975,-0.42724285,-0.14181243,-0.26353022,-0.19961616,-0.21475598,-0.47385353
0.12142977,0.030654851,0.2523722,-0.5678234,-0.14546713,-0.059000924,0.020654917,0.29248804,-0.56845725,0.30617696,0.08683069,-0.6690374,0.21295983,0.08858705,0.35145932,0.03537459,-0.1471767,-0.336851,0.33453047,0.088920906,0.3732976,-0.133395,-0.16000842,-0.56093746,0.1355771,-0.21656036,0.034924492,0.07230587,-0.37063065,-0.08880881,-0.1786767,0.19760448,-0.0743427,-0.30580688,0.62184346,0.89280516,0.17419934,0.21267591,-0.06320674,0.060646072,-0.19781144,-0.12151546,-0.30907547,0.22246167,-0.21277381,-0.2940975,-0.34036312,-0.11362756,0.1648039,-0.17947008,0.44533408,0.3597774,0.43078178,0.41673592,0.1479087,-0.3142986,-0.12021083,-0.3584789,-0.21937266,-0.043041386,-0.12945482,0.52724594,0.03730075,0.3231687,0.39807868,-0.34044644,0.31909338,-0.009043694,-0.3773113,0.17516938,-0.29944164,0.5362048,-0.39741907,-0.5103146,0.06887793,-0.2254774,0.43555105,0.19554332,-0.045440175,-0.15370181,0.034214035,-0.20279042,-0.38692203,0.09605108,0.0077011585,-0.5734836,0.06736605,-0.26088622,-0.20053524,-0.24481101,0.29266515,0.5387863,-0.022098264,0.58897775,0.013395853,-0.40899366,-0.14065835,-0.013537928,0.112823956,0.016468205,0.23550218,0.17371309,0.35373396,0.013769299,0.0026005208,0.2165465,-0.5815688,0.028849896,0.23821144,0.13950482,-0.18336299,0.1511289,-0.3113039,0.19757971,-0.17818983,0.39468986,-0.1756088,0.15817556,0.4405783,0.7937895,-0.109067366,-0.11910643,0.28830716,0.706941,0.2874412,-0.05340881,-0.15787968,0.30574283
0.18686986,0.5762652,0.17251807,0.7730882,0.064180225,0.15095066,0.118696734,-0.037472606,0.37624,-0.03286025,-0.39979488,0.057413816,0.31651518,0.39680502,0.44686344,-0.06792686,-0.35173857,-0.22480729,0.23691149,-0.17968236,-0.5310617,0.037773088,-0.07394189,-0.036590245,0.01666689,0.75327253,0.4083674,0.09907,-0.28222483,-0.57177174,-0.23950928,-0.036604106,-0.3636375,0.3413127,0.19038625,-0.3409017,-0.5788139,-0.3774842,0.32186627,0.30070993,0.017189331,0.16344924,0.46507317,0.6515524,-0.034889095,-0.14046267,0.0328238,-0.22818449,0.40871477,0.5934377,0.3349802,-0.22610989,-0.12050331,0.16292223,-0.603803,0.6261811,0.6337428,0.22207195,0.095698506,0.26352894,-0.05868476,0.036544323,-0.51314944,0.32497773,-0.12616494,0.64855015,-0.32599387,-0.32387364,0.0041278675,-0.49055904,-0.0011709034,-0.046750974,-0.0688618,0.019910738,-0.111078076,0.2328245,-0.43379974,0.00034261122,-0.22695047,0.7246791,-0.21984561,-0.21576358,0.27011928,0.24781923,-0.5608962,-0.20411554,-0.012294903,-0.091292456,0.23475093,0.24699338,-0.16431545,-0.086597085,0.57634485,0.10931764,-0.34700078,0.4443162,0.088946596,-0.10795714,-0.38509387,0.52595055,0.1434991,0.0618521,-0.44266018,-0.34612375,-0.6456119,-0.34476182,0.34234312,-0.49991214,-0.21735497,0.047455877,-0.025392666,0.558022,0.06202592,-0.6865145,-0.45224455,-0.14101169,0.179199,-0.39147595,-0.4435532,-0.2588516,0.04024718,-0.82395446,0.30860466,-0.38332206,0.32263258,-0.05964542,0.34581256,-0.24545793
-0.38266832,0.17247483,0.38374266,-0.3616889,-0.23285943,-0.22035128,0.24140136,-0.06751617,-0.09493297,0.22988003,-0.13961056,0.5579791,-0.0007371418,0.7001093,0.039514698,-0.28541753,-0.4588601,0.77012235,-0.16041616,-0.031649765,0.38577527,-0.34090114,-0.43545172,-0.32091326,0.8248494,0.37509197,0.21916017,-0.42044324,-0.21462062,0.43882555,-0.835062,0.35553476,-0.20816106,0.3394176,0.44921243,0.1561507,-0.015997298,0.53073114,0.3195132,0.0051697716,0.5379336,-0.40886968,-0.12158847,0.5731371,0.38172275,0.40278482,-0.29484773,-0.78107244,0.44506332,-0.8725239,-0.71560705,-0.38129407,0.56870055,-0.49489665,0.38605356,0.5173138,-0.34863022,0.07144056,-0.446939,0.74587905,0.095150426,-0.14726564,-0.35210603,-0.19293062,0.32368907,-0.56372035,-0.32757628,0.3387974,-0.74496746,0.003279999,-0.26793247,-0.32990977,-0.3089301,0.60089415,0.29303035,0.18624583,0.52668613,-0.036007226,-0.015586913,-0.18386954,-0.6631449,-0.08635555,0.55081385,0.6954355,-0.52895993,0.08023118,0.07118454,0.13995314,0.38714463,0.6617309,-0.43623993,0.4477246,0.24462365,0.14450648,-0.50642216,-0.5403612,0.29597154,-0.09663143,-0.40883023,-0.48676163,-0.57965815,-0.57267606,0.23228014,-0.68934673,-0.5988607,-0.10214595,0.45088255,-0.07759115,-0.18127406,-0.71037,0.026518857,-0.1944868,0.109874435,-0.2674017,0.11759582,0.07709953,-0.41890547,0.17344648,-0.5851249,0.10509822,0.4439641,-0.109953925,-0.37592828,-0.44121605,-0.13595894,-0.6533826,0.16552393,0.434357
0.3624857,0.19331995,0.35416096,-0.2137528,-0.43626952,-0.5747995,-0.5194081,0.603676,0.15875223,-0.20400518,-0.824849,0.079586044,-0.43157133,-0.35177168,0.3701234,-0.09181333,-0.13915521,0.12597448,0.87013394,-0.28118843,-0.42272913,-0.43740436,0.25316033,-0.029480333,-0.49280426,0.098309785,-0.055663064,-0.3625968,-0.30287713,-0.20619862,-0.081433296,-0.51246583,-0.5315658,-0.028594896,0.8816915,1.3377752,0.15891646,0.18088076,0.836206,-0.61905146,-0.5331858,-0.1814176,-0.3107991,-0.24402471,0.27682295,-0.14147837,-0.41973448,0.055200532,-0.0028101802,-0.08723427,-0.32821783,0.35445136,-0.21344785,-0.43282035,0.2209146,0.048506577,-0.19416516,-0.32227013,0.09626315,-0.08143793,0.087269396,0.71924233,-0.04366431,-0.1660555,-0.26628405,0.20211905,0.52480227,-0.40895718,0.013262851,0.22470722,-0.7410573,-0.20887603,0.019720381,-0.37648374,-0.33569533,0.41310722,0.041095242,0.2303122,0.27552453,0.42620277,0.19166823,0.008172542,-0.277076,-0.3772114,-0.6557177,-0.10424939,0.051855214,-0.23369968,-0.4697701,0.47254136,-0.22705749,0.5152995,0.26139736,0.20474069,-0.008036459,0.25836977,-0.34443492,0.41607955,-0.15549484,-0.15914313,-0.46060205,0.1926143,-0.28831857,-0.13713166,0.7275496,-0.030921951,0.33941433,-0.3116258,0.57571363,0.22067098,0.15948017,-0.2057758,0.20378704,-0.7164371,0.24064934,0.077155635,-0.010771744,-0.1280813,-0.5444865,0.60395926,0.2048678,-0.26053572,0.17521489,0.028069377,0.14161673,0.112558216,-0.29255095,0.24429545
-0.102899104,-0.04121539,-0.07275635,0.7577208,-0.5317222,-0.24514467,-0.112456165,0.46804702,0.23674427,0.6113701,-0.18594407,0.0030683018,-0.058564745,0.3269087,0.069164425,0.29388198,-0.6364587,-0.39858398,0.52775353,-0.12631668,0.2945001,-0.20685218,0.18892133,0.008923106,0.21766084,-0.028571863,-0.045217235,-0.13214579,0.02134256,-0.3193552,-0.26404613,0.03797622,-0.21421087,-0.15653765,-0.24256387,-0.66965365,0.047522247,0.044681523,0.06702882,-0.06971732,0.024368845,-0.40809354,0.29817742,0.39532998,0.11677757,0.10271859,0.11253866,0.102875546,0.16494897,0.16119523,-0.18672588,-0.7003901,0.2567081,-0.37903303,-0.32148242,0.04299032,-0.02072838,0.63283443,0.3875149,-0.3947911,0.53688574,-0.38194796,0.36871487,-0.04619953,0.03917387,-0.14783558,-0.009151332,-0.23497444,0.16104782,0.45591623,0.2115784,0.49037665,0.008858636,-0.46537745,-0.21209657,0.10237889,-0.3883595,0.27681875,-0.22557727,0.27132282,0.44660926,-0.565905,-0.013888501,0.19628388,0.3856341,-0.12559865,-0.5337691,0.3555159,0.47438246,-0.119091764,-0.1270259,0.64572895,0.26688838,0.17994243,-0.2703093,0.5044495,-0.2624176,-0.14222178,0.07509753,-0.9679407,0.20012505,-0.2907465,-0.48583254,0.014633954,-0.37436524,-0.14379562,-0.26152027,0.38720104,-0.1780183,-0.15443945,-0.2532065,0.18612982,-0.37669754,0.09193814,-0.047666393,0.20479129,-0.18066303,0.12418577,-0.025943398,0.36967924,-0.13909762,-0.32635033,0.30296594,-0.32900882,0.029891994,-0.21513543,0.17023513,0.100633346
0.056226805,0.4040881,-0.750358,0.5223001,-0.3179999,-0.08069355,0.01579919,0.38914892,-0.15490918,0.4625031,-0.16236761,0.26018727,0.27254635,0.42245716,0.16883117,-0.16550925,-0.607354,-0.14503345,0.6279837,-0.32965815,0.13580564,-0.14875835,-0.16945502,0.2999704,0.34381706,-0.092523634,0.17897642,-0.34424177,-0.13519101,-0.12330958,-0.29862237,0.17709589,-0.028845243,-0.32093802,-0.049146444,-0.53927475,-0.1702812,-0.022142932,-0.22048298,0.30375713,0.34230512,0.10899714,0.77323383,0.36836883,-0.08905262,-0.12079937,0.16217895,-0.06750983,0.045716763,-0.16967455,0.07342809,0.19516045,-0.11685298,0.028121978,-0.5515234,-0.5950108,0.5320173,0.56440914,0.5179173,-0.192846,0.50869656,-0.2937085,0.30624518,0.3230975,0.4341627,-0.04662766,0.2791174,-0.08420907,-0.4666483,0.048452675,0.2748744,-0.46539155,-0.020064361,-0.3278122,0.5735841,0.02451067,-0.54431474,-0.18350008,-0.098738,-0.0297513,0.7405153,0.500383,-0.39133966,0.9737381,0.0843265,-0.60313904,-0.119005874,0.18946199,-0.21461564,0.47084892,-0.5966988,0.32974765,0.18017632,-0.45193455,-0.21341532,0.4526626,-0.6053331,-0.72912264,0.010052603,-1.0162235,-0.15525185,-0.12496957,0.040729642,0.28740317,-0.09146019,-0.021620203,0.021693632,-0.08252069,-0.50305,-0.39801145,-0.20833182,-0.37229067,-0.11938049,-0.4404072,-0.38309404,0.23190123,0.23826444,-0.10781304,0.14084561,-0.38975072,0.06981076,0.036577523,0.21672915,-0.09961417,-0.07520253,-0.34986502,-0.31561834,0.8152289
0.5000145,0.12137924,0.18331438,1.0812448,0.3633209,-0.2793771,-0.25608563,-0.32461512,-0.20675026,0.9721499,-0.23231326,-0.9086032,-0.13879676,-0.15309867,0.097280495,-0.11704114,-0.18557034,-0.29600024,0.6163705,0.36414427,0.6350651,-0.4000113,0.6001685,-0.094453,-0.50240386,0.6075101,-0.4877931,0.23527952,0.21623738,-0.24291763,-0.17303094,0.18473954,-0.38811415,-0.059922606,-0.1334953,-0.5435306,-0.21192884,-0.29848891,-0.046797127,-0.023588449,0.45978522,-0.23317134,0.014189746,-0.4082625,0.49742478,-0.2698641,0.40062273,0.016831703,0.15143372,-0.14957507,-0.14844029,0.21076114,-0.5845938,-0.47127545,-0.0012358949,-0.17060676,0.32909793,-0.024845466,0.053542227,-0.40361306,0.08689614,-0.5204598,-0.01567614,0.6453712,-0.20594504,-0.13095893,-0.24269584,-0.26106665,0.13792461,0.25604063,-0.3909739,0.08352448,0.05700927,-0.008057579,0.10701793,-0.11857107,-1.0204234,0.04156284,0.8588288,0.39505976,-0.06361314,0.21552879,0.45609748,-0.06463188,0.14726189,-0.2882362,-0.38833764,-0.23920527,-0.12695363,0.07978084,0.035024624,-0.73983335,-0.019272076,0.025069043,-0.31046572,-0.4631962,0.43381593,-0.32956272,0.16263303,0.5058476,-0.1998913,0.11174867,-0.07396336,-0.4252075,0.18865567,0.0896685,0.5876713,-0.026786998,0.16349061,0.1291691,-0.551906,0.84157735,0.21313532,0.032013692,-0.37860948,0.20816287,-0.23197493,-0.08895754,0.7153576,0.20233028,-0.066454425,-0.6278677,-0.15298949,-0.59542704,-0.44682002,-0.0917655,-0.32156324,0.21132466
0.21656221,0.7546377,0.14277473,0.33471006,-0.29339302,-0.0978791,0.41173825,0.37788615,-0.5491017,0.5401605,0.053230826,-0.23952818,-0.052789383,0.89734304,0.53630614,-0.35732022,-0.71837896,-0.6087135,0.045031354,0.60296357,-0.14147477,-0.30258185,-0.30478278,-0.02221854,-0.31625947,0.1544299,-0.34907368,-0.12740447,-0.40493378,-0.057242967,-0.668266,0.5145789,-0.08593257,0.25657916,-0.385993,-0.4351259,-0.2862071,0.5613693,0.49448818,0.2856466,0.01810095,-0.20670569,0.33213544,-0.06359191,-0.022311985,-0.49240112,-0.22915778,0.2872615,0.59418905,0.38010773,0.11269826,0.25682575,0.10627064,0.056609865,0.12433572,-0.3226092,0.23719226,0.58198065,0.28760606,-0.2584377,0.26997262,-0.15255451,0.103374064,0.17903668,-0.008957034,-0.14896037,0.2921099,-0.36557412,-0.14989151,-0.029992055,0.78840876,0.51188993,0.35394046,-0.5284617,-0.54312795,0.030579522,-0.9345718,0.40951732,-0.5183595,-0.07761596,0.31175292,0.14104795,0.1277423,0.579607,-0.17544955,0.39147246,-0.04219711,0.14786947,0.17098953,0.13452238,0.123492196,0.15665078,-0.026011147,-0.45099622,0.35628584,-0.09253098,0.15617664,-0.5280682,-0.3367858,-0.6648597,-0.08668838,0.3062446,0.45084792,-0.77055794,0.20570731,-0.019743744,0.29369906,0.82420003,-0.018219572,0.4249919,-0.39865118,0.46549678,0.07356477,-0.3189807,-0.1932925,0.4716649,-0.70828575,0.11582063,0.40989572,0.2011005,-0.20657116,0.15375063,0.16840789,-0.2868381,-0.0171202,-0.5095133,0.13830379,0.39478335
0.24672389,0.0099175945,0.04374692,0.98957264,0.41412303,0.41943052,-0.29577476,0.14308068,0.19805333,0.018060252,0.33089334,-0.22969359,-0.3710707,-0.31382293,0.08703795,-0.23612262,-0.011250839,0.761339,-0.3896199,-0.23740783,0.09218761,-0.13399582,0.18126655,-0.55699664,0.07341866,0.5869228,0.1893313,0.81221044,-0.12711209,-0.15280953,-0.36420763,-0.30812475,0.17671256,-0.17339033,-0.1642113,-0.5791833,0.8169124,0.24917135,-0.14399233,-0.40806553,0.046859667,0.40207225,-0.41637847,-0.39398688,-0.37696224,0.013777077,-0.09758461,-0.086184934,-0.58213425,-0.40153086,-0.094536796,0.13352898,-0.1696405,0.1842651,-0.17347673,-0.20085981,-0.6398245,0.01277864,-0.71352255,0.13010094,0.29033446,-0.15435201,-0.37915856,0.036061063,-0.4613504,-0.114874326,0.1938071,0.41782486,-0.26766342,0.08451575,-0.3979879,-0.46384665,-0.1457242,-0.10487963,0.5368894,-0.2878714,0.051817745,0.034279425,-0.21974,-0.32869166,0.20469794,-0.05939865,-0.24001415,-0.37734798,-0.25507158,-0.30360165,-0.012971185,-0.4862634,-0.4169097,0.18780056,-0.15287223,-0.0061175115,-0.06884332,0.13906197,0.06528129,-0.4208781,0.41535574,-0.36879614,-0.60002655,0.25298834,0.2314931,-0.010115597,0.33299428,0.16028097,-0.14259157,0.46838778,-0.27349696,-0.18337533,-0.04115574,-0.5322889,0.0952701,-0.40086895,0.48682034,0.33510247,-0.345015,-0.267205,0.07144812,-0.0007099211,0.22613767,0.3966374,-0.17810987,-0.30882895,-0.12174439,0.98343563,-0.08400293,0.10645447,-0.093574196,-0.20231414
0.26017985,0.25575864,-0.112982854,0.5287292,-0.50102204,0.051577643,-0.051780924,0.13313991,0.032621965,-0.0009882785,-0.24378222,0.0848071,-0.022502553,-0.022549013,0.30713597,0.3392902,-0.6049549,0.033340387,0.19357987,0.344119,-0.13797097,0.32321453,-0.02503854,-0.2593497,-0.2565945,-0.23445104,-0.19343312,-0.05299937,-0.050423637,0.2631547,-0.4777848,0.048436843,-0.24689162,0.18139939,0.12469618,-0.3956253,0.13927943,-0.14710252,-0.1459023,0.0062876493,-0.0011671335,-0.40568334,0.20857301,-0.24354903,-0.3835215,-0.18722664,-0.04475247,0.4274564,-0.44409597,0.041376784,-0.14641418,0.010939151,-0.0039251745,0.17400333,-0.06061203,0.43107113,0.3108277,0.105224535,-0.12945527,0.06848836,0.24502051,-0.61615443,-0.4610537,0.30158132,-0.5317112,0.47559226,-0.03215603,0.36709952,-0.07494804,-0.021240905,-0.18718496,-0.040970996,-0.08852677,0.12402968,-0.079886004,0.20262554,-0.087336645,-0.105518684,-0.5289636,-0.20998266,0.12217889,-0.45392433,-0.38517475,0.08950124,0.13851342,0.43583655,0.11789114,0.032835096,0.24507737,-0.064634405,-0.0968061,-0.2522927,0.07399972,0.16580313,0.120150656,0.3665701,-0.35922766,0.41373548,0.20807391,-1.4394065,-0.051672496,-0.033286,0.556158,0.10264917,0.7023013,-0.078707606,-0.109471306,0.14109513,-0.22252375,0.17389685,-0.2809276,0.09364473,-0.0116760805,0.0034358352,-0.2741822,-0.13767624,-0.47315404,-0.0029678494,-0.030476213,-0.11747502,-0.0499664,0.10434374,0.18415958,-0.27160397,-0.203732,-0.16760816,-0.08517442,-0.039755285
-0.32460168,-0.18702877,-0.2218335,0.26299512,-0.089113355,0.08273088,-0.08863728,-0.270942,0.34197786,0.14898328,-0.21230935,-0.021295153,0.2508508,0.06313138,0.14264673,-0.14705865,-0.40363342,-0.0041301586,0.3714183,-0.26138514,0.16255505,-0.26003048,-0.11660248,-0.06165173,-0.035881244,0.25071535,-0.49498248,-0.024179604,-0.3458751,0.18445407,-0.29983932,0.40965897,0.25847602,-0.4359875,0.32606977,0.37284163,0.035075963,-0.2078022,-0.10983029,0.09813626,-0.3841429,0.33977896,0.18411334,0.13236582,-0.0890797,0.36077783,-0.15653823,-0.12692352,-0.28245288,0.05731833,0.013427079,0.25819927,-0.3812552,-0.36461365,-0.43465304,0.029097037,0.09879577,0.07289133,0.33310258,0.13690627,0.44078898,0.6262464,0.19528544,0.23456568,0.10952747,-0.13249886,0.14881364,-0.41104287,0.367536,-0.087586276,-0.016277865,0.28522235,0.111125395,0.045807354,0.11566825,0.33919564,0.30257702,0.2643498,0.13290781,-0.0429395,0.050134562,-0.5071602,-0.31389493,0.1002681,0.15005514,0.14563707,0.016026111,-0.04669622,0.121717915,-0.30542922,-0.540476,0.094157845,0.19595028,0.08434702,-0.03635922,0.2734844,-0.58900774,0.28603518,0.008737519,0.73657596,0.13078265,-0.046658613,0.3339895,-0.21463585,0.19339526,0.40278193,-0.022815254,0.4022969,-0.16770294,0.67442405,0.22034425,0.1502234,0.21503979,-0.28898194,0.33552635,-0.34711075,0.27010784,-0.05983255,-0.18751946,0.45040286,0.08440914,0.4582994,-0.0041439105,0.6759854,0.01901614,-0.5205556,0.3489877,0.078443006
-0.30310178,0.3182548,0.15851352,-0.4879164,-1.3444097,0.42201808,-0.23915823,0.2703985,0.11495843,0.40441063,0.3429046,-0.12456703,-0.1268956,0.19752806,-0.3277808,0.15767065,-0.011028245,0.26570004,0.3272978,-0.29611036,0.35579175,0.46433538,0.03395003,-0.33479235,0.30931264,-0.34518367,0.08634434,-0.1591307,-0.63115203,0.39610243,-0.3191638,0.056618374,0.41695118,0.017793108,0.25662184,0.5886551,-0.3640508,-0.49048832,0.039762765,-0.07587387,0.07367365,0.56145054,0.48674196,-0.15624556,-0.15907699,0.23115173,-0.40606213,-0.4375983,-0.095593706,-0.09054801,0.1883577,-0.30786383,-0.068975456,-0.33774853,0.018499147,0.3489934,0.20892237,0.57995075,-0.01615753,0.33832502,-0.22000685,0.50004244,0.21342447,-0.09389703,-0.11304936,0.081707105,0.1733677,0.13436149,-0.17983034,0.4214658,-0.44506425,-0.6249454,-0.08450099,0.30370495,0.21799633,0.1191626,0.20524499,-0.08519826,-0.01166461,-0.35005713,-0.038214743,0.6861744,-0.43296677,-0.25358137,0.017282896,-0.1621561,0.09059152,-0.41277456,-0.20642269,0.095934756,-0.20087528,-0.88677377,0.29596776,0.18035932,-0.121419705,-0.30615717,-0.4369465,-0.6250896,0.055294517,0.4139322,-0.44752768,-0.5793243,0.17588468,-0.6469181,0.058459535,0.067538686,-0.16037181,-0.11353661,-0.2802914,0.72970474,-0.59818137,0.17690328,-0.28101435,0.10890617,-0.382184,-0.39594793,-0.2587417,-0.39637956,-0.25451717,-0.017933138,0.10514261,-0.84622693,0.40661806,0.59635115,-0.11512521,0.2984288,0.2962372,-0.1061722
0.27594143,-0.49111712,0.10206936,1.5056022,0.47009534,0.09309464,-0.51495695,0.35161638,-0.087188065,0.34783906,-0.25634587,-0.046015725,0.26234925,0.020226538,0.20475584,0.13491914,0.13292456,-0.041945808,-0.0063671228,0.15494023,0.21245435,-0.19429198,-0.057546116,-0.25223336,-0.29419366,0.4491435,-0.042972296,0.22201607,0.18964408,-0.46803594,-0.45795628,-0.052674524,0.2239846,-0.1523089,-0.019969165,-0.5204815,0.37197518,-0.2974103,-0.14108714,-0.110708416,-0.13828085,0.3081887,-0.1373873,-0.09848858,0.18516612,0.1461621,-0.10246525,0.31081972,-0.48979443,-0.035696752,-0.15583666,-0.15369914,-0.22062299,-0.24690817,0.12172225,0.11982222,-0.026368862,0.08566201,0.032179978,0.2525305,0.16393237,0.085209,-0.1106697,-0.019237794,0.07336511,0.047204852,-0.08396636,-0.10639246,-0.47139838,-0.1050465,-0.54980963,-0.19370893,-0.6672762,0.6793182,-0.23598617,-0.08859643,-0.27465087,0.28462428,0.4360299,0.09390704,-0.21880865,0.1382287,0.099247456,-0.40757373,-0.18699694,-0.20452036,-0.27776515,-0.16546589,-0.011504131,-0.09748622,-0.1415971,-0.12811399,-0.40741128,0.11127754,-0.0028659105,0.042667158,-0.09949404,-0.070283845,0.06399977,0.6841018,0.11475193,-0.04967428,0.1589246,-0.16173583,0.5441197,0.2799929,-0.06797704,-0.39275354,-0.036795095,-0.1637884,-0.038205463,0.29136908,0.45648047,-0.19475107,0.32474568,-0.052879192,-0.32969794,0.014232239,-0.02604122,0.15728578,0.24571621,-0.47794056,-0.86979353,0.34188068,-0.79545087,0.43361974,-0.079097256,0.21539745
0.31874996,0.34397918,-0.139483,-0.34631163,0.18483506,0.34834772,-0.0661017,0.15592822,0.15995942,-0.15737087,0.10947843,-0.026358498,0.68091464,0.11028816,-0.27037287,0.09559855,0.03514836,-0.29678977,-0.28867483,0.14727688,-0.012665406,0.0046529174,0.014272486,0.22838815,0.42385185,0.008657768,-0.21574076,0.27498984,0.12264737,-0.22953789,-0.3341431,0.13846138,-0.13654692,-0.2688074,0.04538069,0.5232944,0.33888796,0.32007393,-0.27418095,-0.4817599,0.027416322,-0.11037986,0.26792192,0.29362893,-0.27873778,-0.4576291,-0.16778518,-0.6940876,0.3809336,0.33771658,0.060545765,0.03341494,0.14715564,0.2957386,-0.09241436,-0.02798419,-0.046192486,0.025951494,0.117971726,0.20756355,0.3682842,-0.01713796,-0.28340936,0.14596778,0.016282532,-0.24955167,0.07025622,-0.31447122,0.20998442,-0.18723688,0.37639147,0.31234103,-0.50635046,0.0970371,0.42717835,-0.2572826,-0.35223305,0.5195997,-0.031647056,-0.14338613,0.11292351,0.2322562,0.15415928,0.28870937,0.5906657,0.019737355,-0.45014033,0.32443482,0.57476914,0.5513776,0.118851945,-0.53331107,0.2992587,0.9067374,-0.21534097,0.466861,0.61358464,-0.19280773,-0.18010801,0.24314034,-0.53470695,-0.21627569,-0.37332326,0.04475947,-0.5876858,0.04718876,-0.3092997,-0.14955276,0.051391955,0.24418943,0.31665194,0.50878096,0.46537396,-0.08019479,0.12448603,0.007800445,-0.44165903,0.29319513,0.19647446,-0.352999,-0.24562252,-0.5187951,-0.14693524,-0.5020067,-0.20179763,0.2769424,-0.0977684,-0.25962225
0.3527699,-0.018731274,0.35226807,-0.066285826,0.51514316,-0.04987976,-0.12118605,0.26832467,-0.50747913,-0.5705042,0.21811135,0.18154413,-0.27873272,-0.13794123,-0.27968475,0.5108969,0.2534327,-0.78674346,-0.036305346,0.6687009,0.4669677,-0.19749117,0.4397498,-0.29663762,0.86373353,-0.2680143,0.24512166,0.48853618,-0.24314755,0.50915694,-0.14472246,-0.35500425,0.25955403,-0.74830556,-0.10361938,-0.11523503,0.10434999,-0.06261471,-0.4444736,0.8011442,-0.30910784,-0.38648072,-0.24472299,0.45245796,0.15036327,-0.336446,0.58472633,0.027046151,0.11561636,0.2418006,-0.1762833,-0.13470699,-0.012508682,-0.31637794,0.04414194,0.34663236,-0.13688943,-0.63941324,-0.32709947,0.31221235,-0.35196495,-0.07769776,0.018489186,0.051732652,-0.32124338,0.060312822,-0.2520775,0.52573216,-0.13301344,0.035031583,-0.12129179,0.089044645,-0.32558694,0.3212782,0.029208302,-0.029662292,0.22510324,-0.049579173,-0.21178898,-0.10194133,-0.058522604,0.22711325,-0.050434202,0.3439339,0.034054693,-0.053890906,0.033343613,-0.18803191,-0.28635183,-0.2667037,-0.19032034,0.054062337,0.21699977,-0.1676715,-0.10458824,0.28609255,0.48480833,-0.035648435,-0.013346322,0.32870898,-0.31906182,0.7488819,-0.08365786,-0.053322837,0.5405988,0.13844687,0.53918195,-0.077852905,0.36134002,0.39014742,0.43782768,0.03887155,0.3099955,-0.4482401,0.04265888,0.2623287,-0.7437279,0.36379784,-0.48056617,-0.3919262,0.40628496,-0.96949834,-0.2305113,-0.5852442,-0.0083886385,0.39929813,-0.041728776,0.089133196
0.17969105,-0.58602256,-0.86687464,-0.38773215,-0.7617201,-0.22022857,-0.07645868,-0.2724032,0.061819732,0.5123107,0.035985075,0.23043108,0.50967604,-0.29048556,0.32146376,-0.7208393,-0.90105546,0.5073444,0.39834252,-0.1507416,-0.36355963,-0.43638307,0.361212,-0.2586393,-0.3048521,0.44051257,0.20943266,0.16231623,-0.00013271347,-0.60792845,0.45654386,0.1596176,0.052622646,0.20588455,0.23861837,-0.2121324,0.014845386,0.005355593,-0.08018203,0.34158567,0.2615462,0.5725417,-0.37866962,-0.07463106,0.0053356662,0.46598017,-0.15085709,-0.64825666,0.17437297,-0.5709822,-0.5625808,-0.105283916,-0.2426958,-0.39121714,0.14932749,0.59163326,-0.33736944,-0.38920534,0.7513767,-0.06982211,-0.09082852,-0.26773456,-0.2883288,-0.41519108,-0.2912289,-0.50884914,0.05233796,0.2711893,-0.7364678,-0.005674012,-0.010611385,0.41360182,-0.442536,-0.56401175,0.34606305,0.5532831,0.20494172,-0.39965805,0.024203233,0.18091752,-0.39874387,-0.061161973,-0.6507132,0.03672675,0.09464458,0.08382202,-0.26173255,-0.35971475,-0.09177284,-0.14873527,0.82975775,0.8937075,0.6857835,-0.07602084,0.12789784,0.09415897,-0.46128365,0.35569966,0.3512603,0.3257512,-0.10714736,-0.14320594,-0.5671469,0.09814927,0.25932425,-0.6171326,0.10672763,-0.08671939,-0.511215,0.46609563,0.090110116,0.052857228,0.07244767,-0.2906711,0.17384121,-0.25884488,-0.07906833,-0.68686277,0.104394436,-0.14472526,0.25681463,0.36758074,-0.23957878,0.16625506,0.15550596,-0.20836785,0.017290153,0.010430431
0.47346422,0.25834787,0.32857668,0.8025853,0.27062455,-0.20399831,-0.18295093,0.21540043,-0.0068778247,0.084802166,0.1373283,-0.22501875,0.03936179,0.26310685,0.10970648,0.073556185,-1.239964,-0.054326996,-0.33819345,0.16051446,-0.57775456,0.2555638,-0.25470072,-0.01881086,0.15589035,0.5709899,-0.48933747,-0.32180816,-0.32853693,0.2602976,-0.40830275,0.021204606,0.4562444,-0.45934898,-0.01911322,-0.47496372,-0.123745814,-0.1412499,-0.042372033,0.1718639,0.31955126,-0.20985135,0.2963512,-0.46898216,0.116969675,-0.07020267,0.5656636,0.0075712204,0.5419067,-0.40291202,-0.025463507,0.10924186,-0.2713767,-0.07056311,-0.15445295,0.08655458,0.43011713,0.31705296,0.13567626,0.5646311,0.56512845,-0.10110909,0.8059329,0.19913693,0.48494166,-0.0005264729,-0.70504594,-0.639385,-0.58795017,-0.1207111,-0.17143726,0.58801514,-0.079006776,-0.28699178,0.01654455,-0.461761,-0.2176952,-0.12255209,-0.00019175978,0.37315458,0.18390909,-0.23155034,-0.2459499,-0.032974616,0.12691624,-0.1360899,-0.42807728,-0.31587428,-0.057994846,0.2692173,-0.21495858,0.724879,0.11439,-0.0020605288,-0.5839038,0.014441356,0.25736699,0.0525119,0.33549958,-0.4645556,0.70013994,0.17545989,-0.41979513,-0.12418335,-0.09211451,-0.13681489,0.30221564,0.44935593,-0.10108818,-0.5825469,-0.1987892,-0.027860299,-0.39383507,0.06037399,-0.4354153,0.9320275,0.6239319,0.33465198,0.33095983,-0.24942815,0.07257197,-0.14402154,0.2299135,-0.68299866,-0.15733425,-0.40887898,0.6802986,0.09460742
-0.12205863,-0.29872614,-0.053648986,0.017034695,-0.119739875,0.011290252,-0.36919856,0.62234795,-0.5475223,0.24455129,-0.0103779705,0.039282568,-0.12194039,-0.17902538,0.47058153,-0.32821733,-0.16780233,0.15507261,0.1250076,-0.40925258,0.24136966,0.3052432,0.7244234,0.42276236,0.14597964,-0.39119527,-0.007841423,-0.15632267,0.41072533,0.18137044,0.059359655,0.36551008,-0.21387771,0.019962162,0.19544326,-0.3407153,0.45609757,0.07636894,-0.1333694,-0.03702531,-0.15237352,-0.3905098,0.0886271,-0.30201733,0.12400311,-0.040875223,-0.22642034,-0.022664197,0.2155919,-0.23109859,0.1961223,0.9746304,0.8468565,0.027022414,0.12058452,-0.54693985,-0.29604638,-0.044923995,-0.19650805,-0.07549036,0.16704369,-0.54955816,-0.056377366,0.27896675,-0.16244227,0.15112433,-0.65414435,-0.4315321,-0.12588954,0.22613417,-0.44228166,0.028175883,-0.017862365,-0.64455396,-0.1411802,0.17163834,-0.27695847,0.4723765,-0.27216172,0.25802577,0.057618774,-0.27622265,-0.22953793,-0.15066247,0.24666777,0.24081644,0.033527754,0.24657546,0.25226825,0.307746,-0.361794,-0.22028883,0.114869095,0.060585793,0.46679443,0.2445004,-0.22457668,-0.28578448,0.21971968,-1.4138603,0.048604175,0.18439475,0.3344086,-0.019733101,-0.3962258,0.11068943,-0.25223944,0.5921384,-0.060765013,0.20745185,-0.018145211,-0.1327294,-0.04803247,-0.40196165,-0.37627167,0.57993156,-0.04735144,0.08954976,-0.3299613,-0.08931446,0.28203213,0.13402909,0.22915283,-0.09663894,-0.29101443,0.010267526,0.1298559,0.51413465
-0.26432937,-0.32354927,-0.3175779,0.01870963,-0.05355674,-0.16989379,-0.4985221,0.49326402,0.24789786,-0.5664732,-0.21828564,0.5565088,-0.40327433,0.14520267,0.12797359,0.066245556,0.32500732,0.039639413,0.5580526,0.2350459,0.13616695,0.47911462,-0.02668152,0.16634631,0.32523382,0.14359373,-0.10429928,-0.14224197,0.07295797,0.61577386,-0.3105347,-0.49768656,-0.10505098,0.7645366,-0.03056974,-0.20124775,0.9018026,-0.06388658,0.045056064,-0.25377184,-0.3048918,-0.73588276,0.761909,0.019904068,0.324934,-0.5876675,0.14329349,-0.27367052,-0.1151828,0.36807916,0.31509793,0.28497303,-0.3220114,0.0056514926,-0.11000128,-0.05058312,0.18021056,0.068478025,0.51591814,0.16487876,-0.35410854,0.0942395,0.056369398,-0.5724894,-0.055535138,0.4059943,-0.328917,0.76749516,0.5223231,-0.14545488,0.27213892,-0.7027521,0.5225674,-0.37505132,0.40803498,0.13513184,0.20484203,-0.3183986,-0.19853681,-0.39098027,0.42069837,-0.7359711,-0.21830057,0.08532673,0.2322213,-0.7742973,-0.59327585,0.5039868,0.7250284,0.15511328,-0.18223405,6.585568e-05,0.53818786,-0.25576752,-0.52579826,-0.51358217,0.13972247,-0.764791,-0.44116458,-1.2470309,0.7988409,-0.40840614,0.116466165,-0.19533384,-0.16737589,0.5910276,-0.99394536,-0.18452255,-0.29959595,-0.2074403,-0.104699366,0.056765553,-0.05626141,0.010509543,0.0859539,0.603376,0.26763862,-0.28227267,-0.12037398,-0.24417949,-0.03252688,-0.015608013,-0.023784824,-0.57346725,0.111109555,0.02131036,-0.102079384,-0.10164536
-0.14583027,-0.16821156,0.25569576,0.5265578,-0.33783898,-0.13192493,-0.30627614,0.22996046,-0.31259674,-0.29858583,-0.04248092,0.22856589,-0.10643832,0.02537173,-0.32146764,-0.4220722,-0.3886549,0.20641015,0.44212106,0.037642166,0.2989788,0.22514713,-0.112909004,0.2143526,0.44973063,-0.057175294,-0.09399642,-0.25635365,-0.25904384,0.48303014,0.13584906,0.048337787,-0.22388631,-0.17049432,-0.051331125,-0.054151118,-0.39853808,-0.13625622,0.12442157,-0.40401,0.097835466,-0.2743042,-0.23917696,-0.36742252,0.33789015,-0.14697126,0.06609814,0.10011128,0.7381618,0.26221228,0.038889263,0.2638659,-0.08357334,-0.21046059,-0.38017073,-0.3836593,0.19785726,0.4034706,-0.11390189,-0.429344,-0.17025831,-0.36417884,0.30061424,0.45039946,-0.6804401,0.4236662,0.031689253,-0.59494966,0.2229512,0.3865141,0.5184658,-0.22934535,-0.046528883,-0.43253785,-0.43425214,-0.35120988,-0.43631166,0.42150754,0.25980785,0.095384374,-0.1489041,-0.09787619,-0.12024671,0.32713577,0.75392544,-0.47699374,-0.23642123,0.24088347,-0.060953826,0.05838925,0.06907131,0.58639455,-0.12640388,0.18037227,-0.29785386,-0.03608108,-0.06701425,0.2963551,0.076744616,-1.1301811,0.6988697,-0.016380733,-0.3401708,-0.5564271,-0.21612538,0.13299844,0.07012191,0.5511996,0.09827459,-0.27122426,-0.09462981,-0.10760237,0.11098638,0.035776902,0.17853174,0.22353044,-0.17402826,0.03111744,0.14286524,-0.2430146,0.108317845,-0.2691975,0.11963044,-0.098344654,-0.16700473,-0.40098035,0.010784807,0.2978686
0.31379575,0.195513,-0.36244193,0.022978216,0.29560727,-0.07453994,0.29315346,-0.17625175,-0.33908385,0.5225057,-0.12128224,0.2925316,-0.23522106,-1.2879689,0.100600585,0.34849468,-0.5768641,0.13319567,-0.38464788,-0.053034328,0.030984148,-0.09775747,-0.38822767,0.5946094,0.2162937,0.21520686,0.15753783,0.6362187,0.570524,0.73508954,-0.8514296,0.3058433,0.2364198,-0.17245087,-0.037012562,0.25048393,0.3904991,-0.37357968,-0.075127795,0.66237175,-0.6533983,-0.17885497,0.5094925,0.22621736,-0.03655851,0.14488411,0.5028108,-0.07210703,0.7800773,-0.19062597,0.79564387,-0.19648045,-0.014064828,0.64405227,-0.12688132,1.0353584,0.24178486,-0.1155397,-0.31005442,0.43736514,0.10877988,-0.0038415194,0.06285618,0.4109644,0.2117013,0.61189234,-0.59266096,-0.3876464,-0.15000975,0.5973668,-0.08625255,-0.4393832,-0.1089368,-0.4338038,-0.1924593,0.07771138,0.6164304,0.3032596,0.32136187,0.6424299,-0.055525817,0.08594718,0.5714756,-0.11853856,-0.18897805,0.66523826,0.90660346,0.47445664,-0.13304913,-0.3637623,0.31879413,0.09080953,0.13234004,1.109828,-0.6660311,-0.2891191,-0.08406505,0.19511355,-0.4285093,0.36277446,0.13172121,-0.013523016,-0.310704,-0.14288335,-0.019729532,0.18042584,-0.28127897,0.13223046,-0.5733146,0.46514395,0.50773454,0.20055576,0.5139405,-0.3574479,0.055815764,-0.06649697,-1.0836986,0.2691155,-0.22409981,0.109618396,0.087783426,-0.8356044,0.59438866,-0.039720356,0.085200936,0.12517121,-0.120028734,-0.15670851
0.80381316,-0.46267653,-0.5003272,-0.38055027,0.14160019,-0.31143454,0.30043563,0.09370274,0.5571534,0.87483704,-0.018341996,0.411092,-0.5148992,-0.20163593,-0.3799799,0.3285642,0.09179508,0.15592727,-0.69616085,0.8060148,0.2472927,-0.40116727,-0.619758,-0.020327382,-0.30728182,-0.32230183,0.40053996,0.3156783,-0.54365236,0.19275075,-0.5629029,0.4013875,0.038807414,0.3963069,-0.20343332,0.63811445,0.5819322,-0.45501718,0.1653316,0.19161385,-0.25697097,0.22826016,0.0940955,-0.37640446,-0.018654063,0.20079574,-0.1167386,-0.07589543,-0.08278501,0.22652885,-0.1678187,0.17294186,0.24444841,0.73401636,0.2120443,0.06539805,-0.21935858,0.05740491,0.29268876,-0.38607055,0.25178555,-0.24059328,0.22054213,-0.020332783,-0.0030951388,-0.09297048,0.07569648,-0.13864858,-0.22348964,0.097969644,0.033399105,-0.009020284,-0.0020692274,-0.9687033,0.012141615,0.22228397,0.30138877,-0.12723629,0.24370147,0.5962702,-0.1407074,-0.036861375,0.42289957,0.26432976,0.10573813,0.25676352,0.07207698,-0.12966448,0.41655397,-0.20366073,0.4639805,-0.3963432,0.20814022,0.18412977,-0.20537725,0.12377749,0.09005796,0.022392876,0.25519666,0.15956657,0.36041883,0.37492177,-0.25431442,0.15872762,0.19139265,0.35209805,-0.64904004,0.24103111,0.35851723,0.8022138,-0.1494537,0.122977026,-0.084736735,0.21932267,-0.20409557,-0.078033075,-0.3415104,-0.077029005,0.056158878,-0.066786446,-0.010335717,0.0062198043,-0.0032240413,-0.5677539,-0.081840895,-0.36209,0.22527295,0.29518387
0.50242496,-0.15690118,0.12740596,0.12826559,0.5069176,-0.034075946,-0.20995149,0.86268204,0.3232437,-0.02854307,-0.8250961,0.37128815,0.1409438,-0.7572612,0.18699607,0.32706735,-0.18836316,0.098984525,0.07453546,-0.1298659,0.5017438,-0.67274934,0.0729974,-0.6346021,0.115949646,0.15662508,0.2251254,0.06464381,0.6585865,-0.020587616,-0.7799331,-0.05185207,-0.24590278,-0.26205674,-0.044890627,0.40519607,0.14755279,0.03354789,-0.023316335,-0.226648,-0.531328,-0.1533361,0.3086214,0.19568142,0.16874196,-0.35315624,-0.16175409,0.21988991,0.22825223,0.45746434,-0.18809298,-0.36457497,-0.12116949,0.15635379,0.30927026,0.46969104,-0.11528031,0.5842981,0.3877307,0.40884504,0.06787912,0.656998,-0.21359761,0.19331302,0.05167267,-0.60945266,0.70334214,0.31439424,-0.04999908,0.21438526,-0.4244471,0.12034269,0.05575931,-0.32400432,0.08139654,0.53946334,0.6278226,0.15108395,-0.35317922,0.39375815,0.29121095,0.15110213,0.23845127,0.3005997,0.07760166,-0.22918203,0.23218204,0.26568332,-0.38255894,-0.38577005,-0.8008994,-0.41890648,-0.28603184,-0.13173139,-0.6029316,-0.078986235,0.27723432,-0.20318317,-0.013467148,0.23023996,-0.29836184,-0.5459619,-0.444932,0.2096993,-0.5004575,0.2739966,-0.04670859,0.416657,0.3030842,-0.36322936,0.16094577,-0.9614417,0.65535676,0.024790619,-0.043204434,0.97073436,0.46965042,0.33843338,0.06819767,0.11418338,-0.4186885,0.15020293,0.32172012,0.11601597,-0.37343937,-0.07460506,0.10078743,-0.36600843
0.15500599,0.4918625,0.10246399,1.3442981,0.35492954,0.28214014,-0.08867632,0.31195176,-0.023528062,-0.21667548,-0.10051822,-0.0032047592,-0.4750125,0.028344974,0.3440115,-0.23282737,0.044196997,0.074895486,-0.08344218,0.18057178,0.13370988,0.25539005,-0.06835123,-0.202573,-0.20393002,0.35453418,0.26201227,0.20440501,0.54881984,-0.28023523,-0.36050597,-0.30506644,0.11478489,0.37123927,0.037977606,-0.35058746,0.31320405,0.3701613,-0.36156926,-0.46603757,-0.19832504,0.44902867,0.006595684,-0.19442709,0.7150219,0.08900163,-0.12733354,0.107977286,-0.3808485,0.48562142,0.0315191,0.14646703,-0.5402279,-0.19182807,-0.25154838,-0.18402874,-0.54779065,-0.3254004,-0.06766306,-0.6509363,0.06735738,0.093025096,-0.6057983,-0.37710983,-0.06819253,-0.28465378,-0.23260875,0.050526198,0.37034595,0.06329897,-0.27645957,0.15025398,-0.23005104,0.011276558,0.07592509,-0.31321955,-0.02276367,0.07271594,-0.39668918,-0.19275153,-0.5257812,-0.13467725,0.31447205,0.08545752,-0.024621353,0.070340276,0.012669848,0.14791597,0.27422068,0.12909727,-0.13033994,-0.38656738,-0.24705619,0.20357008,-0.42219514,-0.044280343,0.42980877,0.16792034,0.21208897,0.16543844,-0.38896385,-0.19851175,0.45921424,-0.10891571,-0.24427788,-0.2109665,-0.39521408,-0.30045208,0.061971575,-0.028553346,-0.16025224,-0.5184268,0.28480512,-0.13485444,0.107049674,-0.10678686,0.3239594,-0.15487613,-0.017784048,0.19672939,-0.12033339,-0.03396526,0.51622564,0.5780915,-0.6388557,0.036066025,-0.6033477,0.46564713
0.2949355,-0.25453377,-0.6718901,-0.43886375,0.6183388,0.3889511,-0.08704755,0.3414798,0.1257185,-0.23805457,0.645414,0.08417667,-0.61153305,0.31284198,0.20635599,0.317095,-0.54333645,0.42873234,-0.11892101,-0.18176472,-0.08256623,-0.5159688,0.47320426,-0.4078447,0.06735326,0.31693703,0.1111569,0.49119818,0.12463914,0.13258594,-0.051823035,-0.15120536,0.38762426,0.08589029,0.19704103,0.23079072,0.4226702,-0.07718283,-0.07001553,0.33528003,0.36577144,-0.07606717,0.3030573,-0.51015335,0.11188435,-0.19456616,0.2796139,-0.11845305,0.3581628,0.47711694,-0.107290894,0.026227668,0.5232253,0.46368623,-0.5030267,0.60822445,0.12817308,0.032093734,0.56410587,0.107982464,0.1824982,0.19855745,-0.53717864,-0.28285643,-0.019611418,0.078901455,0.058893234,-0.15273689,-0.07495369,0.027484361,-0.44186646,0.092152044,0.307227,-0.16010296,-0.34638566,0.40880373,0.44339344,0.77030694,-0.29976556,0.17302038,-0.3092363,0.3258133,0.35158736,-0.19788182,-0.3208604,-0.06634068,-0.31161746,0.7211498,-0.042982515,0.009692021,-0.36433968,0.372819,-0.07572384,-0.2846592,0.3751179,-0.18104494,-0.017103195,-0.37444878,0.401613,-0.12638532,0.28434318,-0.4406077,-0.5912872,0.057560466,0.3880647,0.15980387,0.10755,0.21964471,0.1676153,0.016940827,0.35362685,0.55296224,-0.009020947,0.54582775,0.9506816,-0.12193668,-0.44556454,0.13518575,-0.4120925,-0.49068895,0.17699195,0.34163073,-0.010849725,-0.06773543,-0.4881658,-0.5141525,-0.082898095,0.030316306
0.83796686,-0.3435959,0.24836245,-0.07964963,0.568753,-0.06978941,-0.52327144,1.2357764,-0.43546167,-0.8492647,-0.87922287,0.25105095,0.3503062,0.9469357,0.81741595,0.7918488,-0.14256452,0.071358934,0.3410474,-0.08448835,0.24630508,0.0029062778,0.39917293,0.8051859,0.07369575,-0.48264277,0.022034233,-0.1675013,-0.4565477,0.26998404,0.0400407,0.40049368,-0.519068,0.4691268,0.078160346,0.48142302,0.7877495,0.5587333,0.06862726,0.11429699,-0.47677687,-0.46862507,1.2758927,-0.65561813,-0.3508058,-0.26986754,-0.6836762,0.5569223,0.32264465,-0.2453433,0.17977633,-0.20133543,0.9418906,0.103635125,-0.61897635,0.5701652,-0.5862321,-0.2152828,0.399595,-0.43909118,-0.7829436,-0.0074013323,0.05666451,0.24966088,0.4923346,0.7370985,-0.5381661,0.22644095,0.13963273,0.34759358,0.5508919,-0.32830843,-0.22609401,-0.6776247,1.1106758,0.22969222,-0.18531567,0.22187813,0.38591528,-0.60968417,-0.3115656,0.3014797,-0.25493717,-0.67902553,-0.27379972,-0.5702045,0.06728475,1.2154592,0.52531946,-0.44734958,0.013221,-0.63144934,-0.016313266,0.14438137,0.9403906,-0.21134952,0.68001956,-0.10117077,0.30362192,-0.7345809,0.117438644,0.6659154,-0.56016487,0.53335375,0.06712511,0.11083357,0.42016506,-0.14368333,-0.08232263,0.15471275,-0.32152957,-0.92115945,-0.6063278,0.34244972,0.21669342,-0.39945778,0.02601536,1.0505961,-0.0029496625,0.5122999,0.06626399,-0.086711034,0.0038054287,0.37819916,-0.67166024,0.33560947,-0.24894859,0.001434562
0.0872738,0.14148927,-0.2696509,0.17789212,0.40582255,-0.030801065,-0.048329763,-0.11070856,-0.4184824,-0.19503056,-0.07585828,-0.48109677,0.1268309,0.13022527,-0.5384362,-0.22205094,0.18853267,0.5314542,-0.6479547,-0.023439322,-0.14580613,-0.18299069,-0.30524302,-0.042623006,-0.24729128,-0.38849667,0.61112565,-0.4301524,-0.12569155,0.23512119,0.012116417,-0.38247114,0.070938796,-0.034448367,-0.15694016,-0.11843778,0.1823246,0.12674052,-0.15713032,-0.23751746,-0.16655229,0.26994127,-0.008051477,0.17050534,-0.2699939,-0.38081333,0.33572704,-0.46873468,0.12735747,-0.095746905,0.41755918,0.2660104,-0.19219679,0.29667437,0.25071505,-0.31974807,-0.09234667,-0.23873623,-0.029066026,0.45301926,0.4202721,0.40198106,0.5124687,-0.49963441,0.24914253,0.14248113,-0.33652157,-0.4079592,0.04463797,0.39970073,-0.08807724,-0.13207853,-0.07020042,0.093625896,0.2819682,0.5227632,0.2198681,0.011963308,-0.059223354,-0.32294464,0.019219026,0.24839671,-0.7244551,-0.30976298,-0.3133545,0.06530413,0.21532713,0.45085073,-0.4466892,0.58120275,0.32697156,-0.23139957,-0.21099906,-0.67967856,0.15078998,0.12653258,0.4062817,-0.1234015,-0.064689815,0.26197094,0.0751933,0.06830465,0.14810716,0.6333513,-0.0014960617,-0.5280515,0.16477503,0.43800852,0.010126166,-0.32589743,0.40593243,0.63162065,0.1332026,-0.5698301,0.4166298,0.29957408,0.00089525804,0.12635392,-0.4293514,0.3102234,-0.14003193,0.46589637,0.09257136,0.5178701,-0.35230255,0.3295422,0.4496583,0.13896908
-0.24579033,0.27520257,-0.5863436,0.2830905,0.3795206,-0.11306597,-0.43923873,-0.34460536,0.040110137,-0.17534505,-0.10374357,0.4782829,0.13356477,0.23492599,0.025861617,0.026267458,-0.3246178,-0.31300402,-0.13173868,-0.17593125,0.06482953,-0.17031205,-0.38629493,0.33204395,0.10048821,0.38927335,-0.1952095,0.03812689,0.07343754,-0.1438508,-0.3442871,0.26421013,-0.20283502,0.075669624,0.2111792,0.13536452,0.26508775,-0.08312386,-0.18383318,-0.40703806,-0.09657174,-0.20918055,0.21114784,-0.25358972,-0.14402956,-0.08082369,0.003948204,-0.2725811,-0.10282802,0.3262816,0.2165195,0.3305462,0.97265863,-0.23063743,0.12801139,5.8211386e-05,-0.16208145,-0.37034893,0.25812966,0.5849915,-0.36181617,0.25331977,-0.19383362,-0.067442626,-0.09803079,-0.37768647,-0.24479902,0.035113864,-0.031098472,-0.013474308,-0.2041325,-0.16639,-0.056233615,0.036950655,-0.20394899,0.017573193,0.027994327,0.16701387,0.4694423,-0.16992763,0.12619361,-0.052262425,0.21555592,0.089316875,-0.052753,0.2040979,0.584462,0.0591837,-0.2160038,0.099815585,0.23966902,-0.21959156,-0.39071077,-0.3328667,-0.28557947,0.020605901,0.45547146,0.32286692,-0.29010758,-0.04176303,0.16412371,0.32790434,0.10152336,0.4521342,0.023769256,-0.03664062,-0.3614964,0.415541,-0.054782823,0.5428185,0.35712078,0.43718472,-0.4070865,-0.15933728,-0.059839375,0.19304056,0.1003391,0.025635049,-0.34705597,-0.04964225,-0.22382078,0.39440948,0.17846352,0.016870104,-0.44672287,-0.28873667,0.18284462,0.26142496
0.3689915,-0.012018383,-0.33212245,-0.15691355,-0.20295891,-0.26086175,-0.06155246,-0.339837,-0.0005120225,-1.2562371,-0.0110165365,0.51446486,-0.0151455775,-1.0806265,-0.6440463,-0.080644965,-0.46395907,0.39601004,-0.0061981063,0.2091818,0.064263254,-0.09289694,-0.31891286,0.34052902,-0.20450574,0.6947325,0.09227686,0.2854549,-0.112931415,-0.45565456,-0.25961983,0.06164855,0.09736617,0.34613323,0.2177834,0.3077646,0.58882153,-0.4526032,-1.0444626,0.22435789,0.4115807,-0.051119473,0.42666999,0.13855553,-0.5954812,-0.081274144,0.83700156,-0.62279546,-0.24171749,-0.087942466,-0.53825736,0.033636183,0.5462599,-0.3193172,0.34267065,-0.71358097,0.9082687,-0.58482754,0.19169948,-0.20148382,-0.20197958,0.5160853,-0.28670996,-0.26977164,0.13431323,-0.0740526,0.16677126,0.34584606,0.43909815,0.12354362,-0.1856224,-0.097465485,0.046125855,-0.46442547,-0.5781265,0.21461509,0.3625819,-0.2304922,-0.16933405,0.02650176,0.8236421,0.1601707,-0.5701715,-0.22801249,-0.5140023,0.2985791,-0.38694337,0.65820354,-0.56016856,-0.40408447,0.028839484,-0.059915762,0.041659728,-0.41141924,-0.43847728,0.9450568,-0.5727024,-0.3352,-0.2998948,-0.05215819,0.5476959,-0.31340796,0.096486814,0.27140617,-0.61067784,0.12137671,0.21375023,0.13522783,-0.43971556,0.4846427,0.30481872,-0.5252259,0.34413174,0.28629816,-0.287267,-0.16497098,-0.46324512,0.14211273,0.23939234,0.11688373,0.0019303486,-0.47237605,0.55820394,-0.45656824,0.3270169,0.14763355,0.11314739,0.32452476
-0.48292705,0.08133215,0.3902249,0.59904337,-0.07457557,-0.3446321,0.623696,-0.2243411,0.3128298,0.09209962,-0.31156066,-0.038421832,-0.40426534,-0.10455093,0.24233404,-0.2384239,0.21338548,-0.33484802,-0.31266686,0.29639903,-0.18170099,-0.20272559,-0.040323738,0.18960935,0.19454072,-0.029198721,0.9966369,0.087915905,-0.1276072,0.025035322,0.04702589,-0.40629822,-0.09314723,-0.1202413,-0.44697693,-0.64175475,0.42633337,-0.38662478,-0.47050878,-0.41252515,-0.38758957,0.41450655,0.39182514,-0.03845779,-0.11266766,0.28524113,0.48781234,-0.27469146,-0.817469,0.4419847,-0.101711154,-0.08343558,-0.5815735,0.30899405,-0.1644526,-0.7270839,-0.48741466,-0.6071195,-0.4359622,-0.65559226,0.40029395,-0.42794463,0.23744959,-0.0047804415,-0.16040997,-0.069279306,0.2953369,-0.12820396,0.14082116,0.5740067,0.3187483,-0.258573,0.042296976,0.32150614,0.1309169,0.1627757,-0.22204904,0.06324408,0.12265485,0.12656207,-0.47916546,-0.5991535,-0.65016484,-0.21353267,0.65581685,-0.09127396,0.34130794,-0.55772203,0.0017807037,-0.46122375,-0.038026527,0.40222338,-0.46371272,-0.038119406,-0.31080067,-0.1070704,0.22422573,-0.505526,0.44492164,-0.037386514,0.18819524,-0.4850134,-0.033365622,-0.27314997,-0.24080354,0.19186622,-0.32722378,-0.36460394,0.4378499,-0.1963717,-0.29417652,-0.38352695,0.27045232,-0.253874,-0.27603108,-0.37433684,-0.22553477,-0.41927308,0.0028746612,-0.5694874,0.14549974,-0.8755417,-0.17162572,0.6566219,-0.14870358,0.45982087,0.061736673,0.0446257
-0.061630923,-0.124059536,0.536299,0.0100359935,-0.13937108,0.40572953,0.6507999,-0.5800448,0.62773126,0.22006282,0.093150124,-0.15386303,0.79235935,0.10733989,0.03287498,-0.28707865,-0.45694897,-0.041985996,-0.021895602,0.40010124,0.09592629,-0.45399225,0.32726815,-0.68942916,0.10285516,-0.3187529,-0.39298433,0.8773074,-0.5577109,0.27158836,-0.71625763,-0.8140388,-0.17083496,-0.4085916,0.031300273,0.5170096,-0.09219362,0.17199516,0.16010399,-0.42907098,-0.27734718,0.38660717,-0.22574764,-0.4530725,-0.22285235,-0.6631759,-0.2215173,-0.13142593,0.49304238,0.2438132,0.36002925,-0.054675143,0.4887118,0.62136906,0.3449341,0.3102504,-0.45996594,-0.47768646,0.68675166,0.14405094,0.15263192,0.096299246,0.24674955,0.39717954,-0.10426498,0.49020424,-0.5190322,0.008025048,-0.15263511,-0.48215964,-0.718274,0.029152067,0.55300283,-0.57994187,0.009938505,-0.45041087,-0.2755872,0.38163865,-0.12692499,0.23819457,-0.7597594,-0.042939223,-0.27054104,-0.01595141,-0.07822723,-0.116375364,-0.49000183,1.2673929,-0.27971646,-0.11398969,0.08577898,-0.6577755,-0.20462273,-0.03703794,-0.3084405,-0.16638246,0.085275225,0.20990041,-0.14308444,0.15945499,0.63555175,0.23951603,-0.42098582,0.22556032,-0.0026247595,0.70011127,0.11712031,0.4283523,-0.014789533,-0.54817003,0.25763756,-0.5083245,0.48286414,0.78423333,-0.8692422,-0.04886863,-0.43620512,0.10358879,-0.3439628,-0.27844733,1.3118187,-0.66907775,1.1111974,-0.2812626,-0.43642217,-0.61244524,-0.14955199,-0.29663274
-0.6813813,-0.14053689,-0.024557322,-0.62500817,-1.4516617,0.26161414,0.06665973,-0.14244202,-0.29730323,-0.21752073,0.24126261,-0.044655286,0.027127653,0.22305757,0.0709192,-0.20366462,0.037300482,-0.2864349,0.008700274,-0.50893277,0.24845132,-0.1647606,0.102095455,-0.14995751,-0.3732209,-0.601588,0.14746337,0.053471524,0.23026118,-0.23962009,0.07503703,0.045788765,0.12007368,0.045847766,-0.4645701,-0.04114013,0.7079579,0.5426407,-0.16269287,0.54060835,0.5892141,-0.25434244,-0.27889735,-0.4856313,0.051079176,-0.63777125,0.060522262,0.08810796,-0.038973927,-0.18900819,0.039238602,-0.040102832,0.328224,0.69753253,-0.48706135,-0.5484398,-0.12167387,0.56122625,0.5615899,-0.36442062,-0.29355347,0.43225998,-0.28069812,0.0777484,-0.38843855,-0.3022426,0.13879512,0.07368877,-0.12582393,0.058616437,-0.0015978906,-0.099951625,-0.40358952,-0.215489,-0.2561723,0.136156,0.24486373,0.47753274,0.3198981,0.22861123,-0.12189033,-0.16730988,0.20121548,0.64967424,0.15019612,0.09699311,-0.32479757,0.13135466,-0.025139637,0.4888104,-0.20300528,-0.24280195,0.09788108,0.15536991,-0.055399902,-0.25087404,0.10618919,0.5837964,0.051530674,0.8012912,-0.057354435,-0.3559285,0.20597512,-0.775548,0.30710644,0.20840533,0.5039364,-0.03933854,0.05086289,-0.040514775,0.11484547,0.4786299,-0.18228112,0.21709722,-0.18230283,-0.05835858,-0.24830817,-0.22887148,-0.38785183,0.47840548,-0.09715395,-0.05444579,0.07691434,0.81961703,0.35717043,-0.085893184,-0.04437931,0.0072751977
-0.046799332,0.036287207,-0.25958458,-0.6430439,-0.11192102,0.20994815,0.072569266,0.14221525,-0.006674854,0.24607563,7.843971e-05,0.017845325,0.060774665,0.08100098,0.10613707,0.30080223,-0.09189569,-0.36924675,0.259969,-0.1173202,0.18128571,-0.28656808,0.20668037,-0.10832284,0.012516864,0.12771633,0.18644197,0.026562639,0.02470921,0.13867217,-0.6545318,-0.036619097,0.026002409,-0.051889285,0.16818738,0.32688427,0.1776987,-0.09241996,0.41778415,0.21855856,-0.33516413,-0.30743238,0.39132434,0.15602563,-0.030791108,-0.1596086,-0.4156304,0.031873934,0.041389674,-0.016034422,-0.1529561,0.5000127,0.368398,-0.25402576,0.3802184,0.32527155,-0.19803971,0.09631714,-0.1965149,-0.003459707,0.1990031,0.7412879,0.054222196,0.5576106,0.18544126,-0.09281585,0.32683858,0.011072017,0.024148934,-0.1064132,0.16013235,0.061279826,-0.2395548,-0.1501675,0.01158829,0.18637276,-0.3281025,0.7813942,0.0027650874,-0.23240373,0.027707562,-0.49769515,0.09013933,-0.09614456,0.11815141,0.12960495,-0.26137945,-0.015586242,0.0839525,-0.11148183,0.10711024,0.13024324,-0.08939854,-0.0744756,-0.110589,-0.09705725,-0.50410074,-0.06495885,0.031892568,0.2258589,0.2547366,0.10780058,-0.51812315,-0.38793403,0.19259524,-0.32440272,-0.30414554,0.09534926,0.11054571,-0.057858996,-0.026415396,-0.25629342,0.19619073,-0.037717625,0.4250781,-0.1350257,0.29113615,-0.09253377,0.23085001,0.50163794,0.114957914,-0.036264453,0.22014162,0.5154527,-0.0971705,0.20296599,0.34350455,0.101768486
0.357665,0.1802734,0.15173753,0.113850884,-1.0821085,-0.028665163,-0.26650903,0.092647225,0.26303926,0.1755212,0.20455888,0.39606872,-0.015906028,0.16662385,-0.20942242,0.068056345,-0.571032,0.15812999,-0.53625566,0.08695289,-0.16640869,0.056400865,0.08951518,0.5799391,0.17567092,-0.25262478,0.09312531,0.2731353,0.031124651,-0.16759418,0.18965624,0.53989345,0.0068900734,-0.24902189,-0.12843657,-0.31979275,-0.08942719,-0.1137883,-0.39340144,0.37891418,0.028940924,-0.1491679,0.35912883,-0.34203085,0.5671891,0.6058447,-0.33821678,-0.017563518,0.39173234,-0.1303453,-0.12256384,-0.4095794,0.0015441645,-0.18629396,-0.13960575,0.41562706,-0.4587003,0.3349513,0.4257908,0.1708025,0.26025218,0.2875455,-0.30264676,0.45808744,-0.22193828,0.03004378,0.042557746,-0.15631513,-0.73631823,-0.009470485,-0.10533254,0.40307447,-0.20014916,-0.017598875,-0.17504054,-0.11854903,0.104804695,0.08111697,-0.30889517,-0.25844607,-0.057425432,0.050596092,-0.06352934,0.043421295,-0.38047332,0.015105039,-0.21101853,-0.39201394,0.3595803,-0.3858179,0.33246967,0.16849715,0.09101032,-0.11898894,-0.09867051,0.05373204,-0.046649836,0.16252065,0.030479997,0.51293385,0.12754399,-0.36415118,-0.3222611,-0.34260452,0.1438307,-0.22233877,-0.21486515,0.064667255,-0.37165082,-0.20454918,-0.2696516,0.07784223,-0.22545752,0.12275618,-0.10989712,0.59326303,0.39168054,0.22845753,-0.13784735,-0.2514528,0.2342641,0.3486727,0.046334945,0.42496336,-0.20051908,-0.08104838,-0.21563804,0.074483454
-0.15260251,0.2132236,0.6737832,0.27091843,-0.7539737,-0.013234511,-0.271569,0.042151045,0.020373859,-0.095809236,-0.080867045,0.41697136,-0.56085277,-0.48967338,-0.030987963,-0.035450324,-0.28843263,0.17765048,-0.29986027,0.20532063,-0.086434245,-0.075593114,-0.13206401,-0.22623959,0.011076566,-0.2517973,-0.051269986,-0.37992662,0.05290869,-0.015872806,-0.36490592,0.20089272,-0.15589054,0.24295199,-0.26457083,-0.5146484,-0.31481853,0.4161983,0.15347949,0.15864234,0.3355013,-0.18416046,-0.49686298,0.7243842,-0.09143417,-0.17895027,0.06996651,0.15014978,0.27008438,0.05171456,-0.2616772,-0.058412135,-0.12812935,-0.26235545,0.3486711,-0.14491923,0.15972973,0.2682538,-0.09185454,0.24895176,-0.097104765,-0.15248767,-0.19420838,0.06544826,0.102743104,-0.025405034,-0.073507935,0.0054977983,-0.40102014,0.11046607,-0.49106374,-0.43852326,0.19649479,-0.17329243,-0.1623098,0.44161424,-0.05216036,-0.2754095,-0.28381884,-0.10024479,0.03705841,-0.18598193,-0.023252249,0.64548206,0.25586966,0.08652157,-0.5275648,0.59818363,0.11571883,-0.29733557,0.5643681,0.439672,-0.4987101,-0.14387523,0.3238982,0.21779518,-0.23073727,-0.17137167,-0.20173511,-1.0615871,-0.053017914,-0.31895983,0.08344638,-0.28845602,0.20990384,0.0015357211,0.24635732,0.31494552,-0.062378973,-0.45547765,-0.13836665,0.010679521,-0.18743102,-0.3949116,-0.20853055,-0.011568144,-0.6503983,-0.39271837,0.07181134,-0.074453294,-0.38366568,-0.07704391,0.14703533,-0.38330743,-0.14586443,-0.54033035,0.26926517,-0.2882555
0.28520647,0.018315773,0.032709025,0.5712332,-0.6338417,0.33633476,-0.14834048,-0.192235,-0.24094315,0.10705382,0.012747203,0.5985693,-0.32217762,0.45302814,0.009065263,-0.06525574,-0.093596436,-0.22893313,0.07765701,-0.04180356,-0.27690703,0.29803813,0.29401365,-0.049068123,0.17269605,-0.6097075,0.44822237,-0.17145574,-0.036915034,0.14171074,-0.8990245,0.20599616,-0.2795889,-0.023288101,0.072466046,-0.39891148,-0.25064784,-0.40497556,-0.255275,-0.2335806,0.16863468,-0.26269695,0.29567337,0.44358906,-0.08785989,0.3301579,0.23942918,0.29044893,0.26042506,-0.06364998,0.22086927,0.3474425,0.06026008,0.002650842,-0.1032105,-0.19386855,0.107005715,0.2991239,0.07555575,-0.14564398,0.1803106,-0.82806396,0.16566297,-0.048751466,-0.14500901,0.48600817,0.20060205,-0.07442709,0.32446456,-0.102495745,0.15068147,0.34403574,-0.4323879,-0.6739816,0.028847348,-0.5377201,0.3342425,-0.17380714,-0.0045833513,-0.1528263,0.18683603,-0.15078275,-0.045141608,0.015492488,0.2977867,0.1239299,-0.08238148,0.11615801,0.17538895,-0.016422972,0.061927937,0.15248778,0.07974651,0.17534533,-0.13923343,-0.3388809,-0.225969,0.02320331,-0.076282255,-1.322258,-0.2825243,-0.11737265,0.15639457,-0.17987052,0.30106112,-0.21631736,0.46071234,0.354277,-0.21924949,0.4546872,-0.3145241,-0.042020116,-0.06905113,-0.07083555,-0.05487132,-0.22334819,0.14691117,-0.28370884,-0.12784472,0.14209408,-0.10556017,0.13407543,0.008405682,-0.25484148,-0.20236939,0.09456384,-0.056737445,-0.026899925
0.032584175,-0.3384268,-0.31495228,0.45617485,-0.52666974,0.60281575,-0.14257056,-0.32111767,-0.25803468,-0.18756747,0.105359055,0.38937497,-0.053831417,-0.0775057,0.220757,-0.05287952,0.15121385,-0.09917575,0.4655844,-0.23667002,-0.5519169,0.47082543,0.03963212,0.12838073,-0.30020806,-0.21990424,-0.4339884,0.0771594,0.089106925,0.07826803,-0.07690941,0.5355399,-0.23429795,0.09885373,0.39539564,-0.36854386,-0.19064595,-0.03344941,0.1683315,-0.1904777,-0.15879975,-0.035723776,0.34386274,-0.3322178,0.04640718,0.18128407,-0.3477335,-0.0663522,-0.17147693,0.022256766,0.12160441,0.1528629,-0.13435933,-0.04925708,-0.11494168,-0.20331222,-0.0029257145,0.48102978,-0.45458472,0.029678278,-0.13912657,-0.7291741,-0.2892856,0.1526377,0.058247186,0.31304985,-0.033450827,-0.290666,0.3411947,0.2593861,-0.14298396,-0.08842471,-0.23109214,-0.28244618,-0.040674686,0.15647596,0.12468334,-0.24561803,-0.1306916,-0.13638198,0.25223756,-0.7219044,0.10231301,-0.17799644,0.054483104,0.3810767,0.23029979,0.37440416,0.39500478,-0.061263315,0.14543639,0.27664065,0.1438646,-0.015086733,0.19434908,-0.10177857,-0.31278974,0.1225308,0.34791443,-1.4269347,0.49842775,0.30346695,0.28483722,-0.20569545,0.031455733,-0.20384318,-0.12032943,0.46031752,0.035470575,0.12674433,0.3405945,-0.31362635,0.22146942,0.1845266,-0.21401517,-0.46366164,-0.29122055,-0.08875128,0.59861004,0.32924336,0.2758488,0.14748259,0.13075817,0.17503305,-0.15078247,-0.19003022,0.19312015,0.068618394
-0.037408113,0.45496577,0.44872832,0.3066529,0.089079365,-0.82867074,-0.18001002,-0.48068815,0.062459916,-0.14855197,-0.108959384,0.06057796,-0.41812837,0.5393305,-0.23349884,-0.12333726,-0.5714022,0.09833635,-0.1277329,0.19919223,-0.37112764,-0.25322554,-1.0328572,0.11327671,0.14423802,0.13196112,0.024387091,-0.27194107,-0.11497685,0.14620094,-0.25882807,0.045041047,-0.23422194,-0.23283204,0.08377412,-0.35787576,0.07501197,0.54390377,0.36014345,0.16119903,0.3279542,-0.38402343,-0.09915179,0.08483747,0.23333216,-0.010378242,-0.1605579,-0.19311717,0.22948936,-0.34673905,0.025105417,-0.45561805,0.11455527,-0.1985813,-0.008416837,-0.043684922,0.41063988,0.25641787,0.14573383,-0.14915726,-0.08357218,-0.3290587,0.3101486,0.7208679,0.38558793,-0.1274044,0.020538136,0.62068856,-0.5894837,0.002413982,0.28422874,0.11338861,0.42154282,-0.06177461,0.053627923,0.32834324,-0.4197724,0.24663566,-0.03118227,-0.026527405,-0.13110605,0.38510144,0.44589812,-0.0836411,-0.093591906,-0.49920383,-0.4518478,-0.10094793,0.112446114,-0.49705568,-0.27698237,0.10903683,-0.30523413,0.38592696,-0.30804518,0.090508476,-0.19291686,-0.2957151,-0.047044396,-0.32997912,-0.07301697,-0.28662178,-0.01950121,-0.06436389,-0.46537322,-0.2274044,1.1257007,0.5050997,0.32909602,0.032083794,-0.1464067,0.43735752,-0.043949418,0.11775004,-0.5371077,0.36991698,0.14457768,-0.6338425,-0.030413777,0.16756797,-0.2491545,0.034126624,0.43743575,-0.44425094,0.20351234,-0.4989901,0.03800386,-0.2793654
0.28996155,0.17427948,-0.39087334,-0.46815354,0.38105857,-0.14934418,-0.19912684,0.03266598,0.838397,-0.12173751,0.0009016171,0.13373056,0.46926257,-0.66220665,-0.21815954,-0.24073829,-0.297091,-0.23530409,-0.23544931,-0.060553737,0.2539505,-0.38568807,-0.10968089,-0.65304446,0.12407305,-0.07562803,0.676564,-0.38090175,0.046048015,-0.09776793,-0.8313196,-0.6371997,-0.03141947,-0.6479971,0.014327642,0.50978076,0.47173634,-0.55365044,0.3549164,0.14285961,-0.06017936,-0.11097835,0.50303507,-0.7674294,-0.40501264,0.08892268,-0.18324521,0.07322149,0.5315167,-0.16428825,-1.3212334,-0.37510106,0.09602855,0.29293254,-0.27714133,-0.16909865,0.15439284,0.2473118,0.19223183,-0.560606,0.6581712,-0.07079804,0.04488664,-0.32059026,0.094052665,0.08747475,-0.040756553,0.009459361,0.40897402,0.1467618,0.17642,0.19245291,-0.5205925,-0.39313322,-0.14600042,0.16958767,-0.49205378,0.037662208,0.8174373,0.267775,0.2658294,0.08392067,0.003997296,0.04966975,-0.567742,0.051926017,-0.4704705,0.21093172,0.4751162,-0.7468459,0.48637867,-0.36277622,0.6260259,-0.9440826,-0.14085463,-0.52348614,0.10337763,-0.6911216,-0.41068012,0.05502762,-0.22095877,0.6918292,-0.5352228,-0.008111179,-0.25511917,0.91810566,-0.09922287,-0.12230736,0.16639282,0.37096363,0.41596776,0.31695437,0.022476818,-0.13678223,-0.12427442,0.064734444,-0.2543264,-0.35848898,0.5072396,-0.0005433932,0.1388913,-0.14144073,-0.74868035,0.24037817,0.16015932,-0.32968342,-0.058941968,-0.15505692
0.102734,0.12731114,-0.20617992,-0.65628725,-0.43008593,-0.11730116,0.37354973,-0.27856317,-0.6431394,0.44591504,-0.04315652,-0.12301231,-0.15432385,-0.5014923,0.63620085,-0.26483485,-0.07966209,-0.04269199,-0.17360228,-0.24827456,-0.038174756,0.120383576,0.2895625,-0.2929945,0.088689916,0.6415539,-0.48138285,0.13332301,-0.26496333,-0.25279152,-0.3351462,0.1518512,-0.30795687,-0.09365618,-0.23516555,1.0395551,-0.47413325,0.078175254,-0.2530186,-0.42486614,-0.2777582,0.53496826,-0.3596503,-0.27124524,-0.3979663,0.07941294,-0.089339435,0.017275378,-0.28708813,-0.2548579,0.12132819,0.05291158,-0.115145415,-0.1627678,-0.3223034,-0.4253199,0.25604284,0.6680633,0.20842709,-0.48014593,0.14155737,0.047454566,0.018302154,-0.34542802,0.059264712,-0.4681456,-0.0010409597,0.22003338,-0.057297036,-0.59242564,-0.4873237,0.47194502,0.46406782,0.027054165,0.30347818,0.019282252,-0.3874703,-0.2821984,-0.120066196,-0.51454085,-0.3623155,0.024920806,-0.43641144,0.02401875,0.17906132,-0.17816144,-0.012195177,-0.102960385,-0.32750708,0.010819098,0.05327326,-0.2011061,0.17576435,0.071707726,0.54110456,-0.25904983,0.54213285,-0.10310069,0.047317587,-0.24532981,-0.30519718,0.28575605,0.50382936,-0.07737486,0.18508793,-0.41011944,0.2001409,-0.1837649,0.03155811,0.21228278,0.46782687,0.1967221,0.16151388,-0.53646237,-0.34228742,0.2151045,0.0015747696,0.5013669,-0.83836496,0.42417365,-0.095499046,0.09905832,-0.040470123,0.3824559,-0.26129442,0.2570881,-0.21811658,0.33816758
-0.55236137,0.19682558,0.23392497,0.24833247,-0.40685287,-0.24473757,-0.039876282,-0.12824431,0.12944588,0.17271158,0.28659976,-0.011747457,-0.29350156,-0.010276135,0.21316114,0.46028957,-0.3529565,-0.27053547,0.14543937,-0.15097347,-0.12562808,-0.21134737,0.15013027,0.4306368,0.5067078,0.19496757,0.07189921,0.030046241,0.6185648,-0.020027533,-0.41907644,0.67695403,-0.1506281,0.197055,-0.3463002,-0.12495191,-0.0680339,0.6970693,0.07990159,0.49751496,-0.029071443,-0.31748226,-0.09260572,0.4667352,-0.27823868,-0.14546475,-0.37267852,-0.39746472,0.031323873,0.11118232,-0.013310056,0.35776043,0.32221258,-0.15894604,0.31537068,-0.1260431,-0.011409789,-0.2971395,0.4083554,-0.005699815,0.08373332,-0.4663378,-0.28482515,0.31528178,-0.75964123,0.20368701,0.16645816,-0.10163026,-0.1680413,-0.43494517,0.7925764,0.21155417,-0.7032387,-0.22084248,-0.16580895,-0.27894077,0.35427392,-0.20918803,-0.2711323,0.02050529,0.3272953,-0.47294372,-0.30238992,0.31859344,0.115611464,-0.26772708,0.18720892,0.35397482,-0.36699796,-0.004354827,0.44919404,0.39013556,0.035185624,0.22843203,-0.24462153,0.39906797,-0.15263799,0.11195783,0.19219893,-1.0684589,0.114951536,0.025480794,0.14913586,-0.38164842,0.010662004,0.18471627,0.15578422,0.2603811,-0.4129641,0.46635914,0.32712492,0.093867496,0.2697913,-0.64992315,-0.07613222,0.2192918,-0.3670627,-0.04681114,0.2822805,0.14793266,0.14766344,-0.2519479,-0.018638667,-0.62074095,-0.37802476,-0.35844356,0.30452222,-0.40028188
-0.2812069,0.17416969,0.4030643,1.1952376,0.155022,0.023329604,0.09849129,-0.2983495,-0.07057598,0.038353592,0.07866487,-0.4877481,-0.06001267,0.2303733,0.085708,0.06294145,-0.52952063,0.1782952,-0.0565442,-0.53260094,-0.08687848,-0.30034626,-0.1574922,-0.25863868,0.11032447,0.22411023,0.8441336,-0.38552353,-0.32798004,-0.09819878,-0.78372735,-0.075812586,-0.014903113,-0.23348773,0.042693466,-0.66541904,-0.21684349,-0.41268528,0.20726855,0.06809427,-0.42373273,-0.11793049,0.20679258,0.024512004,0.25669342,-0.08009156,0.15393263,0.47781804,0.31011707,0.05448598,-0.009441495,-0.28553796,-0.2882648,-0.032893166,-0.26602763,0.38025117,0.13257578,0.58096385,1.1521713,0.23756918,-0.31315038,-0.29911345,0.40317565,0.5518302,0.32654288,-0.3934034,-0.48241523,-0.021358412,-0.17531514,-0.44432107,-0.02683796,-0.009510748,0.27974397,0.049846247,-0.14548606,-0.079591915,-0.29922792,-0.12401632,-0.044791006,0.15334679,-0.074846156,0.31242037,0.06973891,-0.0359898,-0.02072987,-0.582335,-0.16608182,-0.3915311,0.55353683,-0.24301207,0.3282873,0.17595688,0.23156224,-0.4877234,-0.1898077,0.45682508,0.46971822,-0.38885182,-0.6359847,-0.12735578,0.119951084,-0.11483785,-0.108805515,-0.08821584,-0.23594657,0.18073328,0.124831066,-0.05918596,0.48087007,0.24310446,-0.5101484,0.20810226,0.47521457,-0.15165095,-0.14012745,0.68206364,0.162321,-0.13872133,0.015328571,0.054473422,-0.10473514,-0.14556974,0.033003777,-0.40713987,-0.43535045,-0.08572082,-0.002578348,0.2683659
-0.40717205,-0.6202229,-0.23517622,-0.30186495,-0.012455776,-0.18698122,-0.16970949,0.25222903,-0.11461261,0.052501455,0.056632392,-0.30631962,-0.25445557,-0.10109649,-0.21401389,-0.21899362,0.48590302,-0.5535539,0.31405467,0.20652005,0.35525176,0.6050163,0.5440944,-0.1577355,-0.1356591,-0.26927924,-0.6947325,0.32935873,0.6418347,0.07053222,-0.19935761,-0.45876426,0.50244296,-0.09153074,-0.3703931,0.558492,-0.17454924,-0.09634476,0.4405644,0.0039882585,0.2587682,0.103927195,0.46192974,-0.053812787,-0.28624865,-0.20654052,0.7788474,0.15097344,0.15418538,0.6226779,0.550213,-0.30517027,0.07951609,0.15665409,-0.5027681,-0.092519134,0.8103371,0.14863062,0.24997392,0.33547425,0.0022157282,-1.1805326,-0.05612696,-0.00043678284,-0.5840199,0.7281606,0.17821497,-0.18891627,0.3180605,-0.010618344,0.23471338,-0.27461955,-0.087151185,0.082859285,-0.4315434,0.07333768,0.34974927,-0.2264814,0.66295755,-0.6636743,0.31162083,0.25235987,-0.19664648,-0.06396064,0.04924327,0.5209145,0.017051,0.34812552,0.51515305,0.46407044,-0.12662247,-0.10409858,-0.5719216,-0.43582255,0.19360365,-0.5586013,0.5823532,0.16417406,-0.562282,0.30016315,0.33512872,0.03346816,-0.38675317,0.39391354,-0.026805922,0.12725344,-0.5508981,-0.01788842,0.34863,0.7186529,0.3276828,-0.40228003,-0.37546462,-0.25855502,-0.07075621,-0.3164314,0.12531647,0.050625753,-0.650647,0.492799,-0.049838252,0.1507354,-0.11559973,-0.11685276,0.06491119,-0.46424845,-0.35142985,0.09597489
-0.28180957,-0.30023843,-0.0426066,-0.17287366,-0.31016353,-0.26853156,-0.10651693,-0.5702935,0.63412905,0.31586707,0.20305899,-0.14103253,0.12351082,-0.23905271,0.15096754,0.20488809,0.40661767,0.030781202,0.024063036,0.2145298,0.39696908,-0.22119379,0.17098525,-0.2377129,0.19906987,0.24100803,-0.11257917,0.60268617,-0.043272242,0.23265901,0.113687396,0.07276544,-0.2537421,0.1103562,-0.053822704,0.09467265,-0.098473124,0.46853757,-0.21855298,0.28302962,-0.27116293,0.36600342,0.43959916,0.09623326,0.1323551,0.082868874,-0.027396822,0.088841364,0.22589245,0.23207581,0.062214762,-0.12539446,-0.37864006,-0.18773398,-0.53708947,-0.036225066,0.12073693,-0.13289927,0.07170419,0.38768113,-0.08637135,-0.9132949,-0.15400231,0.22188206,-6.109476e-07,0.08378736,0.23627093,-0.10639723,0.22421631,-0.017051086,0.28023416,-0.04802261,0.13444255,0.014602767,-0.27350402,0.2881869,0.10851492,0.53172714,0.559646,0.066235274,0.2805732,-0.06466517,0.16432235,-0.06310606,0.31765413,-0.14797993,-0.0006327983,-0.10911649,-0.13223636,-0.14768805,-0.128342,-0.055336438,0.086892635,-0.21988758,-0.16393831,-0.15206751,0.5576337,-0.29821292,0.19092575,-0.003264472,0.26695576,0.07059971,0.2599529,0.5762675,0.12153424,-0.047890253,0.2666306,-0.101780534,0.065110296,-0.11643819,0.0059764907,-0.15554948,0.038513348,0.19684479,0.21776704,0.017912343,-0.19896168,0.0089863725,-0.07901287,0.1971839,0.030996952,-0.01904855,-0.043614615,-0.3133394,0.07559636,0.09576009,0.11037293,0.0779121
0.15608771,0.13133094,-0.18745832,-0.23139204,-0.513948,0.07524714,0.9776882,0.1940724,-0.27575302,-0.05246859,-0.26560247,-0.1243924,-0.4794794,0.060697816,0.41577175,-0.4287394,0.2528988,0.3033144,-0.14352554,-0.5064463,-0.46089274,-0.2526139,0.333573,-0.30934253,0.28402904,0.91868746,0.098524734,0.24012473,0.53637224,-0.01815819,0.05079381,0.54356647,-0.17471018,-0.29599229,-0.62817216,0.31564325,-0.2327424,0.26897913,0.34254378,0.14467965,-0.09739263,0.33011204,0.4887152,0.12513025,0.08096045,-0.22799653,0.04551629,0.0435934,0.26808155,0.06325908,0.9292579,0.0037012696,0.015200244,-0.2518227,0.5802793,0.11529403,-0.0950167,0.0004989505,0.14003374,-0.5260998,-0.18508336,-0.90131706,0.55787134,-0.05421954,0.42139912,-0.62358403,0.36322534,0.6305095,0.019699289,-0.8257311,0.25146866,0.30810967,-0.22040349,-0.19030982,0.3822718,-0.31838298,0.064212695,-0.15680243,0.43778628,-0.43046522,-0.6089253,-0.6810844,0.4703708,0.05196607,0.3465194,0.24364434,-0.104182735,-0.046811454,-0.85560715,0.16438524,0.3888871,0.060971353,-0.2161282,-0.024216073,0.3875125,-0.3347379,0.028094262,-0.08741443,-0.33633316,0.25754476,-0.14537156,0.68206275,1.0171514,0.8220606,0.486547,-0.28055948,0.29304639,-0.043599337,-0.18221249,0.49916694,-0.08630627,0.5649758,-0.19830309,0.28017783,-0.016878009,-0.46751124,-0.32494208,0.12423353,-0.09389018,0.09219596,0.04988645,0.09198711,0.5104381,-0.4820522,-0.11915058,0.70241725,-0.48622093,0.027082104
0.14146568,-0.025415719,-0.4560715,-0.06386847,-0.6907402,0.22313866,-0.15576535,-0.4021302,0.40155935,-0.09170011,-0.09596178,-0.43398684,0.19502775,0.056743145,0.0795795,0.100744866,-0.17793266,-0.04672531,0.28357798,0.39894414,0.10621346,0.063874185,-0.27826935,-0.15493408,-0.49418217,0.35698622,-0.03832781,0.16861352,0.19703123,-0.2678011,0.19976626,0.21672983,0.0067183077,0.15389797,-0.3154149,0.22785902,-0.082364365,-0.31787276,0.34533596,0.18163997,0.40748525,0.21466088,0.032441884,-0.6838395,0.5000175,0.20904782,0.6670451,0.18917114,0.33445144,0.1316507,0.002616495,-0.29949346,0.055823877,-0.2123481,-0.1865417,0.040316895,0.5760187,-0.26962382,0.5248574,0.21600911,0.040611275,-0.8364702,-0.14513803,-1.1558228,-0.15489033,0.2295785,-0.09235872,0.7153625,-0.16984847,0.079415575,0.13338152,0.18593067,-0.09385545,-0.23222694,0.73787487,0.23432548,0.01899948,0.24597707,0.28763765,-0.46218175,0.15784566,-0.32820895,0.7772092,0.14953178,-0.08589581,-0.11782235,-0.3015966,-0.088890314,-0.28071442,0.15966213,0.42795798,-0.1583718,-0.10627792,-0.2535208,-0.14964756,0.2211257,0.6682609,0.35421097,-0.5027508,-0.062310748,0.21822181,0.14617664,-0.16178128,0.68555886,0.030300543,-0.38422373,0.3515313,-0.0693133,-0.036868114,-0.35078388,-0.25993592,0.24395856,-0.34855995,-0.22391264,0.20053539,-0.23977959,0.23528689,-0.39235753,-0.34080404,0.5170902,0.043662414,-0.078414895,0.072635755,-0.05662031,0.027504116,-0.23953365,-0.18395941,0.05672057
-0.17043483,-0.39202505,-0.11962891,-0.010885887,-1.1266972,-0.03633619,-0.24180117,-0.19490492,0.46861276,0.14221025,-0.14588411,0.010137573,-0.13180037,0.15611367,-0.08985468,0.030003838,-0.15636787,-0.10651398,-0.17264004,-0.25473297,0.4202079,0.06573656,0.06795321,-0.005666673,-0.45999715,-0.03132431,-0.19234826,-0.63950354,-0.20651862,0.2646151,0.14391221,-0.04309076,-0.3366377,-0.061046347,0.018662825,-0.042572796,0.20917633,-0.11514238,-0.0114733055,0.35381967,0.64385176,0.5707656,0.22996159,0.301306,-0.11761263,-0.041318,0.28669548,-0.57852596,0.090691924,0.020186983,0.16786186,-0.22549835,0.07943776,-0.20640038,-0.051904947,-0.42005005,-0.2754946,0.3149477,-0.3919493,0.081182666,-0.022436228,-0.8828252,-0.5403725,0.41017553,-0.08548187,-0.07868527,-0.011081172,0.1677748,0.17796108,0.08000173,-0.29477906,0.05005068,-0.04866156,-0.055752307,-0.0155462995,-0.31728622,-0.27234384,0.30146572,0.29205605,0.34210613,-0.05913292,-0.06842347,-0.26181862,0.18064433,0.27073345,-0.023345677,-0.04442721,0.51204807,-0.11058515,0.11321208,-0.38849416,0.44800785,0.26041603,-0.39196002,-0.600383,-0.08992708,-0.13647148,0.370396,-0.011714371,-0.66261935,-0.15769726,0.039043643,-0.21173447,0.16839665,0.36664307,-0.16981621,0.31353158,0.22251746,-0.13496563,-0.011709094,-0.12304573,-0.1491683,-0.01125209,-0.13465087,-0.13165985,0.47471428,-0.11755877,-0.30875823,0.16643581,-0.1116335,-0.5087087,0.29687816,0.14973143,-0.29194534,-0.49279106,0.21035874,-0.047587916,0.16640803
-0.63791335,0.0795025,-0.1442966,-0.5746648,-0.84864116,0.18653479,0.12168969,0.04034072,0.19655403,0.1120744,-0.28087753,-0.13734381,-0.28085354,-0.35405573,-0.18242614,0.029010616,0.23036656,0.13036099,0.26480675,0.04187193,-0.28148332,0.029162765,0.0403446,-0.08533628,0.21663073,-0.073562264,0.11841303,0.24423471,0.41666692,0.006546892,0.080993615,-0.26605943,0.11162565,-0.31008682,-0.08222911,-0.2230474,0.52341634,0.15935823,0.01672335,0.40138477,0.039328545,0.25789028,0.36262098,-0.18691844,-0.010441683,0.16787496,0.20087938,-0.0875914,0.176518,0.19084173,-0.11566605,-0.31368336,0.022774516,0.21973509,0.25590497,0.011780605,-0.42685553,-0.19866619,0.44460875,0.43596783,0.32988524,-0.4704479,-0.31311804,-0.030903947,0.08614521,-0.08071838,-0.28489277,-0.28492793,0.18700406,-0.30779004,0.51819557,-0.31617513,-0.07489599,-0.06839843,0.023185596,-0.61789894,0.32522416,0.060994275,-0.39564228,-0.24785052,-0.27187258,0.01419282,-0.38584602,0.07132193,0.3759128,0.03428652,-0.20430231,-0.6412958,0.4113931,-0.08433042,0.14183843,0.10618921,0.29181352,-0.010904163,0.07109641,-0.34917402,0.51397645,0.16008407,-0.12709637,0.47503215,0.14972281,0.04260218,-0.06662637,0.43637198,0.21499383,-0.25632122,0.09326506,-0.22850466,-0.15072332,-0.25824007,-0.22197714,-0.08106026,0.118675984,-0.11040074,0.3206729,-0.087179035,0.2815363,-0.08687568,-0.07222979,-0.344135,0.29946232,-0.66330814,0.0099446755,0.2286967,-0.3401553,0.28375775,0.10481055,-0.43176222
0.059861585,-0.3952989,-0.28118935,-0.20484547,-1.0544128,0.15992531,-0.09665604,-0.2587208,0.46762997,0.46556237,-0.16337189,-0.18998678,0.093367435,-0.08485956,-0.3617168,-0.16723232,-0.19450612,0.4833832,0.7727783,0.2947645,0.6221566,-0.3042706,0.15229796,0.6406982,0.19983241,0.4300945,0.10142197,0.16185188,-0.05596258,-0.12901549,-0.19441763,-0.24327983,-0.23642081,0.10695339,0.012795081,-0.14338285,-0.31353655,-0.46513966,0.11690606,0.4578544,0.38198748,-0.19737518,0.7743039,-0.38766873,-0.34384674,0.15046957,0.041234888,0.4533673,0.46276167,0.23258115,-0.24674788,-0.89302564,0.2690792,-0.18392214,0.05579123,0.3483767,0.36098003,-0.2514714,0.32315665,0.22460583,0.12052409,-0.46222824,0.25683028,-0.24634466,0.3499648,-0.22439061,-0.12146881,-0.08326352,-0.051622093,0.12703857,-0.3483822,0.04203541,-0.125741,0.084084556,0.22583915,0.14806911,-0.018583015,-0.263292,0.16061693,0.26860932,-0.0067799906,0.44297642,-0.008074082,-0.29910934,-0.40554693,-0.10417852,-0.4154199,-0.092574805,0.25182554,0.2540521,-0.49737093,-0.12758926,0.2598841,-0.014623195,0.29149726,-0.35918286,-0.086208925,-0.09370554,-0.3331714,0.5175075,0.26164222,-0.03176965,0.42797047,0.16962805,0.39780885,-0.18298598,0.06895515,0.13588308,-0.0366024,0.2612268,0.39650965,-0.2910297,0.16224645,0.1731636,-0.034325615,-0.16892397,-0.21772619,-0.04096181,-0.18602535,0.1393406,-0.7881747,0.45236352,0.3053015,0.4420597,0.09026578,0.098308,-0.3694979,-0.3591033
-0.3644181,0.31797904,-0.2270725,-0.110329136,-1.4145799,-0.037835076,0.04316902,-0.014122888,0.09754959,0.2387133,-0.13118678,0.37047952,0.2900401,-0.18418263,-0.31841564,-0.5302998,-0.3463567,-0.6097013,-0.26520452,-0.12736505,0.34698263,-0.28989702,-0.027029827,-0.41407943,-0.40231177,-0.0907734,0.12960555,-0.17735523,-0.05531028,-0.18594372,-0.08749345,0.26677665,0.23111871,-0.38503292,-0.18935004,-0.35184315,0.6603601,-0.27535152,0.1489384,0.08847853,-0.042046227,-0.19377518,-0.41572616,-0.30262354,-0.034705237,0.7704946,0.40854383,0.5652968,-0.35201338,-0.14677282,0.21426786,-0.29671627,-0.24418661,-0.34396657,-0.07074035,0.76595557,0.06224762,-0.040748812,-0.340952,-0.094155386,0.0053537264,0.07936647,-0.2855392,0.32749757,-0.28123415,0.21172525,-0.137855,-0.2882282,0.15146835,0.1379,0.36193353,0.12802124,0.66518945,-0.029400297,0.05546429,0.21716908,0.13550867,-0.507324,-0.038914137,-0.071510576,-0.37145063,-0.052777708,-0.2422703,0.22185653,-0.4476988,0.0936832,-0.63201785,0.3665641,-0.5051137,0.2875526,0.50183654,0.18291897,-0.19974291,-0.17623109,-0.049111716,0.07816126,0.22321832,0.4045409,0.18665448,0.30641323,0.24432026,-0.36180604,-0.14266632,0.5425471,-0.046613485,-0.43107218,0.43830943,0.3201251,-0.14974299,-0.08682706,0.5469866,-0.22475395,-0.02609988,-0.5906488,-0.022014238,-0.40662742,0.27388924,-0.0600753,0.18164921,0.3186183,-0.7909926,-0.29199827,-0.091497585,0.11546317,0.30572903,0.2519651,-0.18289581,0.1468723
0.33395177,-0.0028910171,-0.1812751,-0.18647555,-1.5761714,-0.17880303,0.1455854,0.54650044,0.24744287,-0.5076567,0.06511768,0.22817154,0.047041707,-0.03353946,-0.2018606,-0.06625213,0.3367337,-0.14859524,-0.19242851,-0.13690762,-0.20566583,0.035443235,0.109098226,0.03646362,0.51517546,-0.7154735,0.08357707,-0.13530526,-0.3889612,0.27341738,0.14206296,-0.16952369,0.07978307,0.09053138,-0.32100236,-0.44154468,0.38066256,0.08873257,-0.010072568,0.3701305,-0.06926744,-0.029944293,-0.12843344,-0.18701854,-0.4118954,0.16995661,0.26013488,-0.035693638,0.28813037,0.14684245,0.073731296,-0.37749082,0.052439764,0.13040566,0.1261605,0.04046338,-0.32355693,0.067536965,-0.22131029,-0.3893987,-0.22338265,0.21713682,-0.7386347,-0.040908143,-0.06731629,0.48089263,-0.48651367,-0.065543994,0.007584458,0.053210735,0.35633677,0.16530631,0.1928259,-0.065804414,0.039904475,-0.5516456,-0.18864062,-0.36598882,0.30759105,-0.2958282,0.3233373,-0.28518516,0.21986276,-0.040422663,0.13753706,0.008193515,0.0029511899,0.41717875,-0.3493621,-0.2597574,-0.13489936,0.023330979,0.16320464,-0.2861018,-0.14711589,0.08739802,0.4215514,-0.3329415,-0.10470183,0.41398382,-0.43047178,0.32458094,0.08203128,-0.104005374,0.23619273,-0.29915512,0.06931466,0.064835735,-0.32967228,0.12841271,0.14108866,0.32581568,-0.17797925,-0.08297324,-0.4728214,-0.36470643,-0.5178344,0.028099155,-0.07708246,-0.5855402,0.12077908,-0.3034628,0.08104635,0.37910637,-0.10598054,0.2287992,-0.1975558,0.08727312
-0.12274307,0.35403156,0.6239238,0.6073069,-0.91797495,-0.3981633,-0.038636997,0.06753789,0.118496425,0.3321032,-0.11738204,-0.24093601,-0.19570464,0.27362627,-0.3868047,-0.35318798,-0.26547343,0.045869555,-0.00078609865,0.6323875,0.083404586,0.22460455,-0.1315465,0.06576493,-0.040041238,-0.1579677,0.45488322,-0.13042484,-0.34873265,-0.10969813,-0.39643252,0.24708655,-0.3176306,0.27422974,-0.40641725,-0.47042185,-0.51969266,-0.039546408,0.22948992,0.22887897,0.2195737,-0.5454788,-0.47948205,-0.2739677,0.037283875,-0.69990057,0.42848498,-0.12289521,0.14877458,-0.10323629,0.03987033,-0.3122602,-0.42621255,-0.08265428,0.07168466,-0.3150151,0.3181236,0.61055195,0.16779445,0.14618704,-0.12301948,0.02016823,0.29048026,-0.09095423,0.033743225,-0.16117325,-0.29642552,-0.24130741,0.14867331,0.17477173,0.18444768,0.21094723,0.174054,-0.22234066,-0.2602323,0.021267176,-0.042138547,-0.62650305,-0.2231893,-0.1053664,0.120368205,0.1530534,0.90453935,0.29149985,0.3590666,0.18607956,-0.8597381,0.11415927,-0.14149156,0.011717126,-0.22911814,0.124399826,-0.049168848,0.46619633,-0.23065881,0.262786,-0.43625227,-0.16595542,-0.017307952,-0.46835303,-0.33638224,-0.24425954,0.1712736,0.28000638,0.089282565,-0.27684438,0.6836339,-0.04909484,0.12100075,-0.24550536,0.12637866,0.16260888,-0.21139374,0.102256134,-0.28565127,0.5165228,-0.2891674,-0.3395977,0.0742655,-0.6052151,0.07354927,-0.4841119,0.17354052,-0.47879878,0.33531272,0.015561864,-0.18153518,-0.26441273
0.36395591,0.5633816,0.31462267,-0.778178,-0.03812602,-0.084812626,0.3283837,-0.055169456,-0.06643039,0.26841724,0.022429243,-0.03295876,-0.31597477,-0.05171284,0.10707748,0.16023086,-0.024194598,-0.0749061,-0.73875695,-0.11325889,0.18382305,-0.37059677,-0.21136504,0.18103364,0.19955882,-0.042302668,-0.31793147,0.078222096,-0.35645455,-0.20544091,0.14607759,-0.6017768,-0.3212992,0.010861138,-0.030862737,0.8594279,0.18117744,-0.00858061,0.23405126,-0.35981417,0.5073964,-0.21328849,-0.27895296,0.11994991,-0.2062463,-0.69383675,0.027216658,-0.16392928,0.026732199,0.21392713,0.046135433,0.43510902,0.4228283,-0.11225292,-0.057336397,-0.42595184,0.15810877,-0.086940154,0.577358,0.17879912,0.3475262,0.5006326,-0.2250367,-0.1544635,0.24280491,0.04069376,0.16989307,0.012869712,0.040797926,0.16797325,-0.3827674,0.18108532,0.07146628,-0.008137779,-0.20894298,0.033018596,0.07087283,-0.19510213,-0.008525081,-0.40672678,-0.42854336,0.16198197,0.1303948,0.0138978325,-0.05607234,-0.60085785,0.27550521,-0.40478158,-0.43764603,0.58641905,-0.2592913,-0.28028023,-0.4826697,-0.09691036,-0.1982708,-0.0016253218,0.19909209,-0.2721353,-0.3322101,-0.32368428,-0.05538717,0.29028946,-0.17484687,-0.12732649,-0.16736124,0.027919702,0.2841982,-0.27206644,-0.10502051,-0.39981633,0.1925887,-0.24088694,0.095704675,-0.07387682,-0.39140844,0.40492973,-0.019470923,-0.24051811,-0.43101427,0.28414866,-0.30497885,-0.11779904,-0.46368408,0.50521743,0.59014416,0.415135,-0.041626386,0.123961076
0.27854404,0.07018975,-0.009634603,-0.6121661,0.78857327,-0.32790554,0.17638187,0.27962485,-0.12661724,0.116043895,0.07700794,-0.121093094,0.18704659,0.25455317,0.039210036,-0.14013577,0.051482603,0.15775664,-0.2243411,0.1439203,0.018588517,-0.32663757,-0.1215408,0.44199878,0.092519425,-0.006045429,0.3290716,-0.08373314,-0.45956552,0.2737546,-0.11111675,-0.03348394,-0.2866835,0.1546354,0.3703308,0.4591999,0.03250119,-0.18940328,-0.16633996,0.33076036,0.09994661,0.16168934,-0.051894084,0.16432919,-0.35712618,0.16221014,0.46996453,-0.32436487,0.24515784,0.05614844,-0.009037454,-0.31787783,-0.21056041,-0.44293162,-0.24387217,0.308728,-0.4389388,-0.35539204,-0.27619034,-0.008162056,0.59230083,0.753387,0.03319405,-0.50809264,0.12926924,-0.1675935,-0.2961921,-0.052447803,-0.4480575,-0.3121562,0.109320246,0.19504705,0.04508041,0.016416572,-0.086262494,0.30899557,0.079061076,0.54406506,0.3263138,0.16009249,0.18432164,0.046145827,0.21251032,0.1932337,-0.31191483,0.030456329,-0.39102036,0.30377966,-0.3470359,0.066970244,0.04206764,0.12879336,0.1670685,-0.02729046,-0.531578,-0.08284338,0.23223472,-0.61880076,-0.10238992,-0.3995888,0.025456648,-0.03291797,-0.1692316,-0.06326765,0.37656865,-0.25547934,0.020010937,0.057867095,-0.26849955,-0.11092897,0.08851046,-0.14385971,-0.21648337,-0.12078132,-0.381932,0.040739216,0.10436353,0.5742039,-0.14535728,-0.1978495,-0.59500986,0.065069586,-0.07573613,0.0008896515,-0.21581177,-0.33182263,0.28264955,0.0042300625
-0.4654425,0.50111127,0.16752852,-0.90894336,0.8500309,0.6635611,0.14707589,-0.12260136,-0.020834628,-0.16552821,-0.38432443,-0.14829428,0.3049006,-0.092821576,-0.40266994,0.5502012,-0.33558613,-0.14172506,-0.058839913,0.25684512,0.026823044,-0.073838055,-0.10080412,-0.27848887,-0.25921696,0.29694587,-0.06657612,-0.054261737,-0.067090176,0.16509286,0.27292442,-0.052064564,-0.30202985,-0.14338538,-0.222923,0.19920774,0.4210567,0.38309434,0.009408228,0.5382329,0.6412117,-0.11866783,-0.4530205,0.6377519,-0.011056576,0.00071328506,-0.20448104,-0.09922451,0.26344877,0.8905427,0.13884944,-0.02141007,0.103930436,0.08560372,-0.09512379,0.08564231,-0.17813113,-0.4769091,0.15695825,-1.0138674,0.17345306,0.26324797,-0.48230574,-0.17119923,0.020656582,0.5870041,-0.008685321,0.15507352,-0.060126815,-0.032789245,-0.12469295,0.089699045,0.28546172,0.07302232,-0.0032773912,-0.044188976,-0.15512536,0.34966457,0.09523776,-0.3515257,-0.054242317,-0.19329521,0.024338331,-0.17993489,-0.562535,-0.26802194,-0.28777677,0.21741718,0.218739,-0.18234368,-0.7049385,-0.078143105,0.4177248,-0.42140555,0.15231131,-0.077619456,0.30330843,0.21680719,0.12931956,-0.5132366,0.38907623,0.6014409,-0.2820887,-0.27310807,0.30744243,-0.29060626,-0.21170697,0.19895387,-0.17581049,-0.07817034,-0.10093334,0.065784276,0.07913795,0.96615565,0.20003003,0.1680462,-0.030731773,-0.3446843,0.24977633,-0.88698363,0.0018969476,-0.0513656,0.22048958,0.18456158,-0.19921927,0.48776495,0.22494307,0.11962144
0.37819007,-0.10987322,0.16027217,-0.36270642,-0.16703668,-0.045728333,0.115240574,0.3129655,-0.1215331,-0.33930194,0.0077055264,-0.22007084,0.176539,0.39181277,-0.12494785,0.06583607,0.14543772,0.12999262,-0.0353968,-0.5266139,0.11439647,-0.32245815,-0.37921622,-0.5016899,0.0030251425,0.28476816,-0.2548516,0.14312758,0.08146766,-0.22984986,0.65322804,0.20976825,0.44425792,-0.17733654,0.2773451,-0.012962852,0.33915478,-0.12981755,0.27358854,0.095269985,0.009586096,-0.62725013,0.49179456,0.33057362,-0.17979036,0.10885256,0.029645897,-0.23501348,0.036963284,0.02661258,-0.03908111,0.09801015,0.11369052,0.12841389,-0.12672532,0.32954532,-0.5458728,-0.28076643,0.37316406,0.26952335,-0.25783622,-0.6147936,0.34870067,0.32099593,0.5461354,0.42485067,-0.14466974,0.8375737,-0.042285472,0.39431655,0.0448118,-0.0028658286,0.09822798,-0.57262933,0.2707523,0.23480234,-0.106650844,0.48578525,0.5774812,0.26281902,0.19880775,-0.21047223,-0.050320398,0.51106316,-0.2855457,0.20936036,-0.28906643,0.43719515,-0.4064275,-0.4364965,0.0728992,-0.7637704,-0.19313963,0.5707199,0.493414,0.8279586,0.067040555,-0.26235628,0.35926872,0.25954613,0.6996175,0.1805372,0.33335784,0.0139822215,-0.036887623,-0.20648777,-0.066426784,-0.2634487,0.39223918,-0.044683166,0.11180756,0.24062291,-0.41090363,0.26953733,0.5465924,-0.19625972,0.6669976,0.12127268,-0.22249037,0.08575934,-0.15515542,0.025402278,0.2813464,-0.015431602,0.43250006,-0.1597286,0.43137193,-0.16136484
-0.16394237,0.4653533,0.5481198,0.2068762,-0.64937454,-0.43035913,0.2116704,-0.31164107,0.50471616,-0.15560398,0.41920704,-0.1134309,0.32369047,0.4247464,-0.07977201,-0.019530239,-0.72834957,-0.6246808,0.06351468,0.33929557,-0.28262782,-0.07906865,-0.48974383,0.35067824,-0.24895507,0.22444469,0.23760037,-0.33344686,0.00058220327,0.1678851,-0.21597423,0.6619558,0.70711356,0.45122543,0.60686105,-0.47258222,-0.45464757,0.13227402,0.45552045,0.07822989,0.15807757,-0.21832952,0.4293494,-0.37834677,-0.12116636,-0.25664252,-0.06742845,0.19396597,0.33166483,0.012552459,-0.10947071,-0.09812406,-0.19743344,-0.328069,0.12035367,0.11642667,-0.12551732,0.561201,0.34717825,0.14287317,-0.40963098,-0.24934869,0.23518303,0.09379713,-0.14286712,0.30403626,-0.11611177,-0.8645348,-0.0821448,-0.7336935,-0.00760033,-0.33781973,0.26450527,-0.35191953,0.082650684,-0.0816784,-0.21250167,-0.12611547,0.73668027,0.23476003,-0.08052526,0.2990404,0.18331783,0.37541252,0.33907974,-0.07980718,-0.20486993,0.58747506,0.048133567,0.27683842,0.19836915,0.5549241,-0.0048215166,0.3205425,0.50844556,-0.17632386,-0.31812376,0.23309752,-0.06913363,-0.8826287,-0.34506375,0.28425074,0.16899556,0.5114638,-1.0872025,-0.5870919,0.18869506,0.5388767,0.1512092,-0.37041903,0.012530327,0.08961415,-0.27928424,-0.36416328,0.6711908,0.2053777,-0.12792769,0.007974058,-0.25523728,-0.2824052,-0.34026915,-0.00434801,0.46898472,-0.9510273,0.30961946,-0.33560666,0.37127894,0.4034227
-0.12683855,-0.18292308,0.23376235,-0.47515732,0.535481,-0.17114617,0.1951267,-0.19489013,-0.05238314,-0.37615398,-0.12785144,-0.14890982,0.25178826,-0.27089164,0.14657177,0.09543349,0.004503548,0.24288025,-0.3587875,0.4019996,-0.073361166,-0.30551165,0.08695225,0.23633626,0.036643654,-0.15443867,0.23850532,0.0660125,0.096957415,-0.056036312,0.29660168,-0.41450197,-0.011433974,0.23105417,0.17550671,0.3496092,0.010710001,-0.13791656,-0.532838,-0.07211706,-0.1447193,-0.15126106,-0.12418311,-0.24239998,-0.076414704,-0.19120397,0.57488376,0.21683452,0.10044246,0.4206077,-0.30856577,-0.7776813,-0.25593543,-0.4745459,0.0040008677,-0.52359885,0.28237778,-0.2318041,0.06232603,0.033571195,-0.35987154,1.0919396,0.025505617,-0.017914757,-0.021374736,-0.07840385,0.2858852,0.10783215,0.14297988,-0.05909515,-0.36864316,-0.2642464,-0.09086781,-0.23064286,0.10473295,0.30720156,-0.25624043,-0.1394296,-0.2553718,-0.39977467,0.19087312,0.5227636,-0.058055036,0.38674262,-0.051788837,-0.030621082,-0.090329975,-0.115246475,-0.39955434,0.10273898,-0.17852224,0.5108215,0.119350605,-0.33134237,-0.05063954,-0.6223171,-0.28781006,0.2977035,0.13916233,-0.7512094,0.008786418,-0.13222556,-0.40510756,-0.14089629,-0.38684368,-0.1283511,0.06845678,-0.21395354,0.4128598,-0.1457533,0.05119451,-0.5140681,-0.3071331,0.10612068,0.28792718,0.47947353,-0.11020846,0.23801422,0.592766,-0.14960846,-0.4740769,0.5122302,0.24170402,0.5419215,-0.039718345,-0.17671517,-0.17139672,0.28187567
0.8472407,0.015910953,-0.07375736,0.37640753,-0.93427676,0.6141171,-0.26543567,0.6834318,0.16311617,-0.12523293,-0.12517977,-0.08393379,0.019529134,0.3426895,0.07511955,0.5815455,-0.38762337,0.08252478,0.16665676,0.34675395,-0.22476186,-0.058913916,0.56742096,-0.1234166,-0.6314642,0.1934048,-0.031875227,-0.29032123,-0.21702036,0.7022882,-0.018143218,0.31391832,-0.35392487,-0.6918601,0.33019233,-0.08619648,0.43025854,0.4891635,-0.24372359,0.09782427,0.3450053,0.015311286,-0.34280995,-0.8214935,0.29261637,-0.04607171,0.2044138,-0.30829784,0.011480831,-0.17864689,-0.011927122,-0.61067104,-0.2626123,0.13283542,-0.19507536,-0.35127965,0.03624037,-0.16056511,-0.1263471,-0.017118454,0.14118832,-0.5582716,-0.5015662,-0.488934,0.08248305,0.27376628,0.49165982,-0.46930805,0.19540009,-0.021671582,-0.39864522,-0.5128473,-0.49094892,-0.74710286,0.44710034,-0.068088,0.20050204,0.27088404,0.37366864,-0.90613264,-0.43253163,-0.52991307,0.0338057,0.012306642,0.44765317,0.032303415,0.22006638,-0.18634345,0.41156778,0.11075091,-0.4071474,-0.05632998,0.08220079,-0.2589125,-0.50570905,0.5156302,-0.40322286,0.42025447,-0.16462491,-0.8144576,-0.44817883,-0.11077674,-0.26042888,0.20298734,0.018209487,0.16279896,0.024299137,0.47809127,-0.822986,-0.1751349,-0.2258326,0.10992803,-0.7189633,-0.14302658,-0.40067557,0.0062737092,0.14992355,-0.28049526,-0.38895142,0.21989134,-0.15910827,0.3759883,-0.05153539,0.085209176,-0.033359412,0.31923783,-0.78680027,-0.42187375
0.083868384,0.2731801,-0.04997649,-0.5806426,-0.2408748,-0.29698524,0.13510384,-0.24788196,-0.044015534,-0.21428797,0.44387,0.14778367,0.10465582,-0.0051020533,0.027856372,-0.13619237,0.32121208,0.058967885,-0.0685517,-0.30576092,0.16545007,-0.11421942,-0.041262817,-0.046797782,-0.009459928,-0.22060081,0.05911041,-0.014986955,0.44370317,0.17069903,0.25030392,-0.4356179,-0.4201783,0.45334777,0.021384202,1.022586,-0.45443898,0.04565106,0.24961205,-0.7348404,0.27529395,0.62730205,-0.27000466,0.19556607,0.05135966,-0.088031776,-0.024928674,-0.23563826,0.1716784,-0.6903978,-0.15494725,0.038837217,0.3303165,0.12024366,-0.16087478,-0.056503758,-0.14322613,0.3059151,0.26311165,0.10039553,0.35208848,0.7607907,0.0076648835,-0.07629546,-0.019455,-0.2963209,0.37668854,-0.102824435,-0.10851422,0.05537219,-0.3981346,-0.021738172,0.19054487,0.037405666,-0.21923736,0.34019262,-0.2923999,0.03336308,0.3618287,0.16905148,0.19334935,-0.14663848,0.22015318,-0.20219576,-0.15278214,-0.6862626,-0.21406189,-0.27143317,-0.27425653,0.117570505,0.19557273,0.56088394,0.19098073,0.10435826,-0.11550854,0.071220234,-0.0063250363,0.06755489,0.20459881,-0.76088274,-0.011868492,0.04778491,0.18691422,-0.10021914,0.10354992,-0.25645864,-0.07091974,-0.2121248,0.23988983,-0.119188115,0.3839264,0.023708265,0.09940412,-0.30361217,-0.13438848,0.7506902,-0.21855406,0.41637945,0.11180062,-0.097385675,-0.12538762,0.3551643,0.2488731,0.27728063,-0.24230927,0.083113104,0.23674874,-0.043439772
0.13817455,0.068409145,0.05624544,-0.29501173,-0.97589535,0.067936435,-0.65041906,0.31818196,-0.7080722,0.18253979,-0.19260536,-0.028271299,0.07019824,-0.26575327,0.4367045,0.091705516,-0.26209536,0.12391278,0.012642617,-0.42423165,0.26260197,0.3924929,-0.39969665,-0.41601002,0.14256632,0.032183178,-0.08466157,-0.21396837,0.19010271,0.76904243,-0.044661835,-0.14615524,0.24280481,-0.77298415,0.4832257,0.89395225,0.017134741,0.13520025,-0.09551719,-0.051485896,0.381222,-0.05031822,-0.17941722,-0.11596,-0.600335,0.283248,-0.1600249,-0.6040235,0.038634583,0.6082567,0.25276095,0.3148106,0.13681021,-0.3689682,0.11209685,0.29727542,0.06732758,-0.0505998,0.18536027,-0.27151823,-0.36226666,0.39817774,-0.5635648,0.43073913,0.23574473,-0.18716682,0.1163706,-0.04121983,0.10130973,0.08138382,0.9322721,0.41125375,0.18659031,-0.43803564,0.5445914,-0.002358064,-0.6251159,0.6444874,0.2914878,0.12415013,-0.048401263,-0.22763476,-0.820628,0.070736274,-0.05516179,-0.06161654,-0.5133186,-0.19829321,0.35667115,-0.11340188,0.032206304,0.3383687,-0.82285273,-0.14296806,0.6081407,0.19665144,0.20596856,0.19738188,0.14805195,0.0658827,0.5453265,0.4057873,0.3665053,-0.2532345,-0.5606271,-0.30607814,-0.13730942,0.104306325,-0.102641255,-0.1389684,0.32903168,-0.06593676,0.12119778,-0.13749315,-0.42269543,-0.17347963,-0.49678168,0.094006926,-1.0191561,0.42750317,-0.75427866,-0.21511716,0.5384858,0.27469468,1.0837594,-0.86149496,0.12987196,-0.12074961
0.043860164,-0.41509393,0.19451663,0.18463866,-0.94968134,-0.5120936,0.000854522,0.3644458,0.29565746,-0.18364248,-0.23589282,0.13334444,-0.26412135,0.16628066,-0.3169604,-0.0858859,-0.41647696,-0.1950078,0.21052529,-0.24173215,0.38806638,0.0021522082,0.19205236,-0.29783,0.022404224,0.03042163,0.65070444,-0.1529146,0.29594845,0.23883122,0.1436187,0.1976532,0.053059466,-0.060144097,0.0874228,0.13219072,0.3213597,-0.08185997,0.01602678,-0.0024262012,0.069661275,0.12104256,0.4807789,-0.175498,0.1289036,0.19485134,-0.2189718,-0.37110117,0.012379856,-0.28860056,-0.30260083,0.00049657933,0.4082651,-0.28828967,-0.5917325,-0.29787996,-0.34215677,0.09060999,-0.21190043,-0.29705077,-0.08841105,-0.8851061,-0.44813675,-0.36754125,0.29901335,0.14015348,0.024968814,0.05908131,0.31247833,-0.1593618,0.1436533,0.01353738,0.16729097,0.029760152,0.35334733,0.07101706,0.0032702424,0.5520804,-0.03856411,0.017470494,-0.10274925,0.16833875,-0.40758884,0.07993658,0.54135966,-0.39307043,0.078310594,0.17913519,0.031171799,0.40435585,-0.19055036,-0.004911132,-0.43364146,-0.14094646,0.1160789,0.039973788,0.024890512,-0.51141685,-0.043245926,-1.3977506,-0.5553616,-0.38136783,0.059905928,0.025502251,0.48859778,-0.48513812,-0.23961683,-0.12777434,-0.3866978,-0.24178691,0.042604163,-0.48412395,-0.12768525,-0.621585,-0.19897813,0.33223307,0.21669294,-0.48789608,-0.5467839,-0.13030228,-0.16835132,0.5426085,0.09568893,0.026665581,-0.41063774,0.16277401,-0.060152657,0.18005756
0.037987627,-0.26490694,0.011591896,0.0910316,-1.2070693,0.21263859,-0.21464497,0.058357418,-0.6218797,-0.020571709,0.08280568,-0.12580316,-0.02752006,0.23132925,-0.24017207,-0.06812746,-0.21046643,0.41197222,-0.29335102,-0.053194433,-0.016157456,-0.23240918,-0.12293573,-0.023823962,-0.14997537,-0.23013914,0.116098404,-0.22299272,0.4813841,-0.20299293,-0.060587794,0.075795755,-0.16686434,0.39286363,-0.3307102,-0.20694293,0.2651621,-0.19600882,-0.2394523,0.31660718,0.38391316,0.40023777,-0.41981322,0.2534252,-0.1621881,0.2179525,-0.3392288,0.096914805,0.16233015,-0.34030637,-0.22045702,-0.2516411,-0.20443158,0.17177077,0.5506185,0.057612605,0.031994984,0.32066932,-0.10422287,-0.5769366,-0.019110594,-0.12807895,-0.14271304,-0.4056228,-0.32989144,0.24969864,-0.3231108,0.03543131,0.05093223,0.23183636,-0.18713683,-0.23274544,0.7387595,0.016923651,0.03402306,-0.4119171,0.0075949244,-0.022373453,-0.06142118,-0.06320221,-0.03219138,0.32176816,-0.09474005,0.36054492,0.030242711,0.21897282,-0.13567717,0.30395114,0.070082515,0.23839766,-0.4103133,0.1758889,-0.18187852,-0.446215,-0.22197992,-0.19458547,0.05987096,0.3176815,-0.17551388,0.025471032,-0.3877086,0.053555146,-0.23100811,-0.23597793,-0.49872327,0.077944815,0.8301416,0.21280521,0.30669174,-0.37093672,-0.35774735,0.46012866,-0.1595427,-0.13037087,0.18086405,-0.32951486,-0.29788834,-0.19376828,-0.057999946,-0.17267634,-0.60095763,-0.16451314,0.15174194,-0.2829364,0.013335286,-0.21758524,-0.26489305,-0.20820262
-0.39784354,0.37791157,0.24509224,-0.6298278,-1.7164464,0.1269903,-0.07801409,0.14970653,-0.47892815,-0.17373616,-0.013680272,-0.17260274,-0.51102424,-0.4926112,-0.60582143,-0.20163906,-0.0414294,-0.7556935,0.23255646,0.7938218,-0.39207917,0.044795424,0.047485948,0.24987641,0.29368913,-0.1154411,0.24987645,-0.22750235,-0.03816866,-0.24022757,-0.4230447,-0.12307608,0.5369778,0.512855,-0.36307338,0.043547183,-0.7511719,-0.16788924,-0.19527742,-0.036161877,0.05334425,-0.19404419,0.2568847,0.050060652,-0.5035292,0.17513429,0.5316318,-0.12124069,-0.15133,0.2759571,-0.50502634,0.0822574,-0.6948489,0.36956602,-0.13713771,-0.18007636,-0.17938918,0.06280922,0.12714602,0.08353804,-0.30237222,0.4532058,0.1284008,0.4652926,-0.24864641,0.051520832,0.3042786,-0.642468,0.0445657,0.40057403,-0.28453213,0.005270455,0.03145764,-0.2414086,-0.14326957,-0.1040332,0.2566701,-0.60430527,0.10115201,0.10354394,0.12814492,-0.123037755,-0.05108437,0.2515077,-0.29403058,0.073534094,-0.6754106,-0.18629551,-0.44706875,0.37849468,-0.21937062,-0.24105494,-0.031015461,-0.046676524,0.20954055,-0.1441678,0.24010026,0.32397753,-0.33226877,0.43442476,-0.28466734,-0.53612304,-0.36391428,-0.11112766,-0.4703803,0.22854356,-0.13423777,0.008199682,0.14922123,0.08516162,-0.5936594,0.18156716,-0.6589082,-0.23527989,0.10809661,-0.40387753,-0.22564721,-0.09903519,-0.19713165,0.20628205,0.35230112,-0.10973236,-0.2148436,0.24673443,-0.11297852,0.64032644,-0.4965456,0.13322514
0.36523974,-0.23803654,0.2169559,-0.15030181,-1.1818746,0.23044926,0.106093735,-0.750738,-0.008512527,0.3377648,-0.19428039,0.25032604,0.46782023,-0.15998478,0.06308673,0.5655396,0.12664497,-0.30974996,-0.14476204,-0.021782428,-0.45936817,0.10113921,0.32517743,0.23793435,-0.045412034,0.49186414,-0.13737099,-0.20938647,0.006618414,-0.48382556,0.84759593,-0.39767364,0.24644154,0.5011158,0.45028666,-0.16348785,0.051198587,-0.083425045,-0.19314128,0.33949137,0.7099551,0.4337026,0.18999287,-0.73026395,-0.14873753,0.5844021,0.03531845,-0.3105987,0.20198676,0.2735872,0.4722676,-0.7791244,-0.5030935,-0.13220626,0.77867776,-0.5003203,-0.32496953,0.18295121,-0.6353523,-0.24295858,0.07217702,-0.36675543,-0.52099913,-0.9055364,-0.32953876,-0.46891057,0.2636564,0.22008277,0.060721576,-0.057037547,0.12670809,-0.6366975,0.23212868,-0.21510178,0.3105874,-0.10816148,0.39001584,-0.18854,-0.4347608,-0.21264583,-0.25932214,-0.19637042,-0.16880885,-0.18414024,0.04913702,-0.02589187,0.35609275,-0.3475253,-0.4188699,0.6357274,-0.090288185,-0.070483916,0.2756138,-0.27984372,-0.034485884,-0.24346489,-0.51692593,0.45778668,-0.16838011,-0.5940664,-0.083080724,-0.09720938,-0.38902816,0.1811795,-0.22181255,-0.35725683,-0.06075433,-0.057656765,-0.22531837,-0.1301306,0.34945956,-0.44451398,-0.0862231,-0.47084776,0.21322468,0.028362885,-0.23109704,-0.3723707,-0.20364305,0.17756988,-0.18461156,0.14109853,0.52023786,-0.38183197,0.09481646,-0.48181292,-0.42891032,-0.14767717
-0.3636989,-0.01482442,0.052706197,0.430251,-1.2064681,-0.5497648,0.14812106,0.31937787,-0.2199073,-0.15758725,0.0108483955,0.16769606,0.67738575,-0.005140342,-0.6813657,-0.33683497,0.14817859,-0.21452452,0.08567792,0.08713359,-0.2454601,0.21233249,-0.35486782,-0.19654374,0.28643107,-0.11832513,-0.3204251,0.005195491,-0.061655737,0.3327933,-0.45712507,-0.08709897,0.01181145,0.35729942,-0.29995364,0.18462135,-0.36607438,-0.12072016,0.24736345,0.21387972,-0.117852464,-0.09272635,-0.03505543,-0.40270975,0.15611087,0.38382977,0.8593857,-0.075895905,0.08647307,0.07363862,0.26446775,0.38824052,-0.5440742,0.56787485,-0.010051016,-0.032961838,-0.1451061,-0.19479257,-0.2645366,0.10358563,0.14049275,0.41174096,0.0048700646,0.04972431,-0.4869477,0.31596026,0.14414957,-0.009719297,0.3688429,0.45405456,0.40563625,-0.08769539,-0.22408414,0.31416538,-0.10285458,-0.048413657,-0.16771752,-0.32426214,0.031174267,0.24620506,0.1733586,0.084728956,0.43752027,-0.09589778,0.06510824,-0.5299243,-0.3911018,0.08983427,-0.41516265,0.29275796,0.065688655,-0.38703778,0.20229298,0.63603854,0.023573723,-0.18008012,0.25485525,0.055664897,-0.06891471,-0.034993976,-0.017053833,-0.4618671,-0.58212227,0.23547333,-0.4093479,0.4095855,-0.10768965,0.10147204,0.026543431,0.044135924,-0.39646557,-0.0018994957,-0.04546526,0.40302667,-0.17845735,0.09695494,-0.6289584,-0.35028166,-0.26451108,-0.6554035,-0.23476511,-0.89539146,0.41014785,-0.31005764,0.030870676,0.14860386,-0.01778303,0.035177957
-0.06825422,0.32028,-0.06108339,0.3529617,-1.3383203,-0.013957236,-0.13526616,-0.68668264,-0.012515015,-0.30287358,0.026485577,-0.024509244,-0.14762697,0.06009256,0.5434555,0.032732233,0.020112276,0.6305628,-0.39144307,0.10190957,0.056140535,0.18059427,-0.56471926,-0.29253304,-0.06380624,-0.06238678,0.12966533,-0.4417585,-0.61712813,0.04311941,0.15507141,0.029589333,-0.7244397,-0.44245058,-0.28103235,0.083604425,0.38757825,-0.5372577,-0.10671526,0.24670477,-0.56657517,0.16128747,-0.08479587,0.2763353,0.05005876,0.647645,-0.09527573,0.27467206,0.12462337,0.04306133,0.41155636,-0.67168164,-0.47906125,-0.5197449,-0.6010735,0.4903069,0.24750838,0.11086459,-0.0023857504,-0.10343413,-0.26466292,0.55466723,-0.28499752,-0.26727498,0.010479301,-0.25176415,0.007629033,-0.055674072,0.105678275,-0.14613935,0.20387702,0.17191002,0.46371433,0.025953524,-0.28578508,0.35841006,-0.12405038,-0.15496387,0.12719367,-0.56821334,0.47616467,0.05295965,-0.56713307,0.21396935,-0.20722422,-0.30851808,-0.18213591,0.09888151,-0.42993766,0.47515517,-0.45596808,-0.13088575,0.39053637,0.10164103,0.5132381,-0.29475117,0.28442347,0.09240806,-0.25983527,0.045441836,0.114832774,0.36029673,-0.009640519,-0.5650847,-0.2601542,-0.09563489,0.7665238,0.42514297,0.14408942,0.04143666,-0.0142039135,0.52955925,-0.54865474,0.24747322,-0.13595511,-0.45970824,-0.51830626,-0.12870166,0.15302603,-0.6624028,0.19663757,-0.88440764,-0.08092946,0.26405206,-0.30555993,0.104780085,-0.51037115,-0.07626766
0.017328478,-0.3622299,0.19290188,0.1782397,-1.0851992,-0.4099852,-0.15061274,0.102393806,0.1777618,0.084892444,0.08126127,0.32306784,-0.30428207,-0.14102486,0.20117691,-0.20907667,-0.5665494,0.13482022,0.15919966,-0.49541178,0.19699705,0.14325602,-0.08857701,-0.44908103,0.10590088,-0.048375748,-1.0091616,0.21785529,-0.4554218,-0.025103219,-0.017591715,-0.09406085,-0.03475005,-0.10171857,-0.28856686,-0.80272955,-0.4957213,-0.04336399,0.72212225,-0.21615171,0.28148544,-0.2080808,0.040595338,-0.23786308,-0.45986822,0.09320602,0.84911555,0.3977974,0.53329873,-0.2683717,-0.040076688,-0.34944412,-0.42797273,-0.5196453,0.03591573,0.72274685,0.0026873564,0.31551754,-0.7116404,0.660413,-0.16287726,-0.17510183,0.12242553,0.3892672,-0.10394807,0.3667742,0.5803806,0.10953188,-0.03432175,0.99706286,0.6227914,0.6268451,-0.66280407,0.037866563,0.18489152,-0.2654971,0.28534642,-0.12521324,0.053554695,0.083656065,0.124342546,0.6042439,0.6905557,0.4301417,-0.0071823373,0.39973044,-0.79929525,-0.3005063,-0.08914462,-0.035576094,0.15825191,-0.21319947,-0.10138152,-0.0020136442,-0.4829279,-0.8604741,0.538466,0.40638793,-0.268139,-0.5365907,-0.1177682,-0.8996459,-1.1840029,-0.25794506,-0.37274253,-0.2041952,-0.16844356,0.5960667,-0.5980178,-0.05190293,-0.049936425,-0.2657591,-0.5275169,-0.06578595,0.09569639,0.102029964,-0.82488227,-0.50169563,-0.0009707846,0.3495705,-0.34782416,-0.111002296,0.7022234,-0.09660779,-0.16301194,0.14729421,-0.5880201,-1.0350965
0.26041144,0.19091658,0.07117093,0.012191504,-0.62152237,-0.29359,-0.0586624,-0.078513585,0.2310262,0.15266325,-0.2037619,-0.15638356,-0.540161,-0.21264425,-0.12937759,0.15978071,-0.055167887,-0.07270427,0.08715956,0.28724384,0.23103637,-0.3917337,0.10707794,-0.19523302,0.22000329,-0.6385852,-0.23381813,0.7989685,-0.42405695,0.8289527,-0.5652156,-0.08798527,-0.2655035,-0.13392198,-0.13068333,-0.22954695,-0.045530975,-0.30405447,0.6540632,0.21524301,-0.28218862,0.090168625,0.00044821575,-0.5024363,-0.3438178,-0.35128796,-0.14952719,0.4071704,-0.048987523,-0.1230433,0.44745597,0.098694004,-0.13543612,-0.29979604,-0.38597316,0.3245724,-0.4887557,-0.0812748,-0.56652164,-0.14284363,0.40843582,-0.77800655,0.146299,-0.042302243,0.03346297,-0.41130307,0.014664134,0.44296008,-0.24999994,-0.06488578,0.26454657,0.4060988,0.29739022,0.4461184,-0.248252,-0.07963927,0.06147723,0.334183,0.48306918,-0.33207935,-0.25955003,-0.34738925,-0.124504775,0.43904182,0.45865405,0.057480697,-0.47536945,0.73085356,0.24897869,0.021074407,-0.27471635,-0.069078214,-0.020009417,0.13299906,0.1076847,0.25595826,-0.51342034,0.65011626,-0.32811952,-1.3234854,-0.20385501,-0.16433527,0.34965882,0.044997275,-0.025171526,0.4923355,0.03025578,0.6136606,-0.4981917,0.5767091,-0.106598824,0.022157483,-0.07084361,0.040053114,-0.18676922,0.34130186,0.54292667,0.20946838,-0.010808758,0.4944322,-0.5428874,0.61168706,-0.2494683,0.36230227,-0.29112685,0.38675633,0.859142,0.54190326
-0.29417145,0.21637739,0.2834621,-0.41182142,-0.82571036,-0.2853533,0.15763581,-0.25813282,-0.20237356,-0.44427577,0.6662608,-0.4887754,-0.369684,-0.693238,0.01915203,-0.25352865,0.15713117,-0.555784,-0.021331163,0.12788427,-0.15799098,0.51067424,-0.43017352,-0.40095985,-0.18140161,-0.061929986,-0.21285585,-0.4957274,0.0546103,0.31244323,-0.43304092,0.11631004,-0.21599667,0.12726635,-0.3156232,0.67256415,-0.25638285,-0.1526995,-0.12618437,-0.2791374,0.14381287,-0.38635778,-0.49716747,0.07840314,-0.04849402,-0.022034407,-0.14541371,-0.01652307,-0.17652057,-0.01234068,-0.08778331,0.1791647,-0.15734792,0.16983688,0.17614083,-0.015235614,0.060826078,-0.119189516,0.15146455,-0.23127541,-0.39463177,0.51719266,-0.07722688,0.4562887,0.14291863,-0.039471626,0.14617231,0.30038765,-0.038651668,0.25090092,-0.18265498,0.25292668,-0.02413927,-0.27090693,0.23181306,0.124525815,-0.07085584,0.07964013,0.42624822,0.057341248,-0.06377546,0.12585634,-0.1807512,-0.33764127,-0.74310005,-0.71217215,-0.26460344,-0.3825963,0.08232483,0.37557995,-0.034402862,0.0882793,-0.08117397,0.16100894,-0.011824302,0.29710585,0.23857021,-0.51085067,0.2509511,-0.053814188,0.039881006,-0.20776623,0.3539468,-0.46732765,0.102154106,0.14012817,-0.18843493,-0.14068587,-0.16005641,0.037377324,-0.28303024,-0.0017918125,0.16654594,0.05602254,-0.3332684,-0.031909645,-0.114636034,0.017311666,0.50608635,0.11933318,-0.24633926,-0.2500701,-0.021311427,0.55809253,0.35382214,-0.14094764,-0.7174319,0.16436969
0.34359217,-0.44405112,-0.1511782,0.1396375,-0.9552161,0.1352217,-0.37822273,-0.09347973,-0.17189535,-0.12557271,0.054437585,-0.5900777,-0.044949546,0.6067119,-0.7323371,0.20628239,-0.02537474,0.67051727,0.24705634,0.09419127,0.5105259,-0.13144627,0.26819193,0.71670693,-0.13150625,0.31462574,-0.3028041,0.20447482,0.6233841,-0.28759238,-0.13009012,-0.520983,-0.3948358,0.07334757,-0.31350595,-0.09928301,-0.15305254,-0.5334261,0.085772045,-0.08533494,-0.642539,0.4453221,-0.2561476,0.35527328,0.34292582,0.42450213,0.42185003,0.15539953,0.22172602,-0.43942106,0.2773748,-0.25882936,-0.30002517,-0.3198364,0.016958542,-0.44601202,0.1711696,0.041799054,-0.51726365,-0.4716941,0.028764829,-0.34357482,0.34220043,-0.45101678,0.06882334,-0.06959857,-0.06189861,-0.31117174,-0.080916435,-0.42416066,0.020261675,-0.37607402,-0.18853755,-0.547868,0.43974474,0.2648353,-0.22754295,-0.09126964,0.09634884,0.23396508,0.15130897,-0.12070138,-0.5655328,0.5925327,-0.10352321,0.16163883,0.28816015,0.013492987,-0.3628935,-0.703819,0.06493224,0.4603674,0.41233113,0.26296356,0.44737136,-0.026541986,0.24424219,0.16777894,0.10887481,-0.62689555,-0.2312839,-0.23284379,0.06697534,0.2947985,-0.455208,0.18997008,0.027093485,-0.14525083,-0.355352,-0.30477363,0.24471925,-0.4730716,0.047340497,-0.3290948,-0.54896706,-0.29868543,-0.11267333,-0.49052277,0.027070463,-0.29310188,-0.04716526,-0.036966793,0.06544808,-0.24602322,0.7076403,-0.61376286,-0.3698074,0.01037877
0.21624309,-0.32830238,-0.20156895,0.22769609,-1.2364014,-0.19239369,-0.17829536,0.40565175,0.3499194,-0.1820113,0.18785907,0.33135733,0.19689678,-0.088534996,-0.1044158,-0.108414434,-0.050683647,-0.2889949,-0.20330311,0.26798528,0.19908345,-0.3934974,0.4407675,0.27270046,-0.27720147,-0.79511786,0.39629272,0.0931947,-0.35724363,-0.07707739,-0.05727899,0.2877782,0.0411331,0.11455409,0.3718827,-0.345516,0.34859312,0.30570167,0.22864258,-0.031833574,0.07540409,-0.7153068,0.23046151,0.44909346,0.32087153,-0.009744093,-0.39571655,-0.12966874,0.33271277,0.3338975,-0.3471088,-0.23660329,-0.31119525,0.31249213,-0.21333757,0.19041532,-0.21749961,0.48140848,-0.53596044,-0.09182156,-0.038321525,-0.43827945,-0.009124637,-0.7477075,-0.17076613,0.18253568,0.3413537,0.3744968,0.074108265,-0.051767617,-0.33022177,-0.3437295,-0.1778586,0.15489943,-0.045436665,0.047259003,0.09397872,-0.07528904,0.16978873,0.15941377,-0.77730954,-0.22272341,0.036762614,-0.031147383,0.12207434,0.21192797,-0.22142504,0.49045044,0.27216515,-0.36009985,0.23346084,-0.12908094,0.05278615,-0.36449203,0.13612983,0.06415771,-0.3931087,0.5968747,0.16909659,-1.1956112,-0.10090414,0.6760793,-0.36918348,-0.075012885,0.09306952,-0.725193,0.23164958,0.6867448,-0.14828722,-0.19111393,-0.06539208,0.08747863,-0.6891754,-0.23214331,-0.062070783,-0.036786307,0.24451858,-0.42019325,-0.39754662,-0.46282327,-0.42048755,-0.12925543,0.4354806,-0.13826558,-0.31896862,-0.2659954,0.039660268,-0.108427025
0.38610741,-0.07886024,0.01599662,0.15422966,-1.5003546,0.0001959037,-0.08539959,0.08608056,0.4998305,-0.42851496,-0.0032102466,0.23040256,0.62533706,0.31197762,-0.1590438,0.12344786,-0.1454959,-0.34013367,-0.53640014,0.22606477,-0.07653137,-0.058085382,-0.43405974,-0.3469462,0.2722315,-0.31956542,0.031160882,-0.14497054,-0.027355552,-0.14213018,0.1918519,-0.3666047,0.26616758,-0.0963718,0.15996118,-0.11303474,0.18752632,-0.44881892,0.8400264,-0.1160088,0.56726503,-0.024199039,0.16509807,0.2715922,-0.1788319,0.1706891,0.02232933,-0.23094139,0.24088559,-0.41309068,0.12243091,0.08329064,-0.3336442,0.047196165,0.33310992,-0.27566364,0.01308538,0.075356364,-0.11086354,0.13802409,-0.13113673,-0.027171165,-0.48049295,-0.1811536,-0.37331,-0.19302961,-0.6372959,-0.37010288,0.07608241,0.3656097,0.16315036,-0.26430133,0.09284984,-0.028114304,-0.015946053,-0.009425387,-0.030403502,-0.19238394,-0.26384652,-0.17553417,-0.15569085,-0.03290519,0.38250482,-0.18583873,-0.0146726,0.1875188,-0.27155313,0.56441253,0.7215626,0.17301649,-0.787443,0.5712089,-0.036811665,-0.5478784,0.12083915,0.044704765,0.08070837,0.028388046,0.57891166,-0.01949317,-0.1226238,0.25188345,-0.5649636,0.5542326,0.22290507,0.5411743,0.27667874,0.5195566,0.23083086,0.049716122,-0.6669345,-0.017095186,0.117857486,-0.077379346,0.19146238,-0.09042806,0.19089818,-0.89746857,-0.27890694,0.048407435,-0.1287395,0.070940614,0.26889694,0.14062567,0.21497858,-0.03376817,-0.6823152,-0.09284154
0.6766941,0.120209455,0.35300088,0.4570144,-0.41660392,-0.09393883,0.31610096,0.053519864,-0.18146238,0.2000059,0.040237445,0.6051397,-0.66758436,0.3853867,-0.37939072,0.31352702,-0.19025779,0.56784314,-0.13122767,0.39104787,0.27930272,-0.14921147,-0.06339797,-0.0074132383,0.20199992,-0.0037139803,0.20083135,0.42164478,-0.026713409,-0.2395232,0.124818,0.35518286,0.38871858,0.14682296,-0.18154751,-0.54121524,-0.14364669,0.16829622,0.08082232,0.6317245,0.15601382,-0.35738638,0.54604965,-0.08930314,0.39063787,0.32611156,0.024505995,0.19714946,0.22586094,0.58988637,-0.08397042,0.23315644,-0.22487603,-0.033888984,0.0651554,0.20083302,0.034720764,0.9198973,0.36853004,-0.346748,0.4108833,-0.09310652,0.44195342,0.64029646,0.2394933,0.264171,-0.16420756,-0.46173316,-0.22357178,-0.23531498,-0.06478497,0.4104629,0.13185917,-0.9849639,-0.0033033267,-0.18542159,-0.5113981,0.23497754,-0.20899723,0.04125248,0.20401707,0.1480827,0.25254273,0.33691227,0.080390215,-0.10498063,-0.2988569,-0.07477866,0.35445344,0.058383115,-0.105198495,0.3440379,-0.4324612,0.39004898,0.0054563,-0.19531813,-0.24278861,0.14456794,-0.040005356,-0.5663647,0.06678933,0.06863353,0.21585268,0.5069822,-0.44323748,0.20276687,-0.4387262,-0.45379612,-0.34957725,-0.96346694,-0.98566747,0.5577017,0.08057068,-0.25899616,0.26422635,0.44384706,-0.501138,-0.23194948,0.16504905,-0.34057438,-0.23908736,-0.29573667,-0.42944938,-0.7072116,0.048467364,-0.18195044,0.058151297,0.23371181
0.1843407,0.3907633,0.3458473,0.37876433,-0.9959451,-0.04412818,-0.1097031,-0.6075087,0.11965171,-0.4464929,0.23370054,0.010964864,0.70519626,-0.13466917,-0.30766702,0.04227634,-0.36191034,0.33563265,-0.27413076,0.12698115,-0.34879345,-0.3092498,-0.10430391,-0.6683118,-0.21351545,-0.25150156,0.23797055,0.27713603,-0.42662355,0.086471565,-0.57884085,-0.05940668,-0.2030898,-0.1075837,0.2184318,-0.30434942,0.24691088,-0.024319708,0.36934394,0.5715704,0.22566701,-0.28994158,0.1816,-0.27309477,-0.017809832,0.26546732,-0.10679163,0.33823687,0.054561555,0.031193279,0.6890948,0.056472592,-0.36804777,0.3689327,0.32141763,-0.35361323,0.43531823,0.6827074,-0.31431067,0.14513703,0.17978027,-0.33402905,-0.28777394,-0.31000596,-0.244667,0.42831197,-0.5565958,-0.3229348,-0.11223302,-0.05344829,-0.032369465,-0.10584994,-0.30446607,-0.5706184,0.120804496,0.10110755,-0.51220167,0.21986313,-0.048301484,-0.13507734,0.46442044,0.3686939,0.4578889,0.8581533,0.0031263009,-0.06827186,-0.31097174,0.22274454,0.27580324,0.082586385,0.043178067,0.7105669,-0.77357554,0.20903145,-0.09954961,0.19575045,-0.2153493,0.15743834,-0.016197212,-0.94572705,-0.58386517,-0.5674275,-0.20664668,-0.26824453,-0.012923351,-0.08502273,0.47510058,-0.39573005,-0.37457532,-0.45301342,-0.43307644,0.2304116,-0.13189553,0.049027566,0.17635758,-0.4424845,0.22944401,-0.088201344,0.4006683,-0.26451838,-0.7545029,-0.37011498,0.07705905,-0.60613513,0.15885857,-0.33032128,0.03388968,-0.19202569
-0.41705874,0.636862,0.61006624,0.7093891,0.059758767,0.030277476,-0.11257926,-0.11567676,-0.19098373,0.6926236,0.06459293,-0.3052321,-0.07143916,0.14588076,-0.04740879,0.07399203,-0.3682074,-0.7610777,0.090623945,0.008629665,-0.015428761,-0.49248534,0.11268038,0.7370103,0.11236818,0.3983026,0.087306105,0.10593052,0.12827627,0.0538951,-0.17755583,0.12633674,-0.037842676,-0.4808153,-0.16883276,-0.42753917,-0.6558821,-0.013614967,-0.060248315,-0.0065472126,0.05870439,-0.3164584,0.084338404,0.39941034,-0.08334657,-0.12728664,0.0006229505,0.4524491,1.0012372,0.077784605,0.3931249,-0.17116685,-0.49802077,-0.18776673,0.22420157,-0.13647693,0.40717763,0.61595845,0.20657456,0.24605715,0.15706351,-0.21930106,0.5286054,-0.17865115,0.61420923,-0.31021586,-0.14708912,-0.20229258,0.047718354,0.11940981,-0.07443563,0.08938641,0.060595322,-0.7880219,0.12291913,0.36139914,-0.43631843,-0.16543981,0.27855116,0.3905611,-0.41867477,0.78941345,-0.08126046,0.0016216263,-0.03192745,-0.47404575,-0.09567581,0.059507657,0.31585908,-0.013448544,-0.49239016,0.14873236,0.014099881,-0.4448473,0.5854431,-0.4339395,0.36287045,0.27441984,-0.4552202,-0.32329178,-0.31902477,-0.32286316,0.11809662,0.08855973,-0.15863396,0.36434484,-0.15062222,0.23877263,-0.2932642,-0.029175669,-0.055079184,-0.024499498,-0.3900895,0.5513029,-0.19882895,0.3657872,0.5016617,-0.10971186,-0.013647497,0.034086436,0.22150254,0.13787027,-0.016724952,-0.7481638,-0.23788548,-0.091015294,0.2627891,0.008160619
0.19537,0.5960014,0.021911114,0.15629548,-1.3842661,-0.3978128,-0.6213237,-0.0023326091,-0.154811,-0.2254379,0.009973473,0.020089708,0.89994776,0.2936413,-0.14789157,-0.46214366,-0.38189524,-0.2382923,-0.15339632,-0.048519507,0.10362296,0.6243843,0.22518562,-0.3274715,0.75484765,-0.35351443,0.40257773,-0.21410313,0.042612746,-0.08083071,-0.17969313,0.32483736,0.071395025,0.04325556,-0.1206139,0.016170263,-0.023989677,-0.46938235,-0.015694764,0.3727148,0.1581806,0.27532813,-0.30532587,0.044877674,-0.19248737,-0.10553779,0.0012786984,-0.24689485,0.44053733,0.19926527,-0.56917197,-0.064247355,-0.816041,0.26383945,-0.12786587,0.17372003,0.23801827,0.17631936,-0.01925017,-0.7726336,-0.14816895,0.23514576,-0.004629612,-0.10031851,0.16704363,0.10956578,-0.28909764,-0.30129096,-0.3621253,-0.0029120594,0.00016398355,-0.37652045,-0.3871233,-0.45676833,0.33691224,0.48351616,0.09022523,-0.14138065,0.44240972,0.12523752,0.28793448,0.30361843,0.5282751,-0.017589957,-0.2591352,0.26725236,-0.0021006018,0.6299198,0.6333685,0.059510782,-0.17822702,-0.1785392,-0.22425957,-0.3017807,-0.14605626,0.33833838,-0.041664183,-0.18819329,-0.359714,-0.14961384,0.4021053,-0.23097536,-0.39426184,-0.1269791,0.4757214,0.22380134,-0.0061942264,0.15295842,0.2578196,-0.028477993,-0.18105386,-0.34701234,-0.4289105,-0.2043759,0.022924783,0.21635364,-0.2495981,-0.3233685,-0.27110073,0.032273173,-0.53280246,0.0018716753,-0.3123486,-0.0076968493,0.05904222,-0.05822383,-0.49295515,-0.23891562
-0.25351322,-0.3171364,-0.21492626,-0.6084313,-0.8416324,0.05961372,0.2937803,-0.45670295,-0.14489415,0.21328783,-0.19589895,0.24639684,-0.19689423,0.24593955,-0.11910245,-0.07719812,0.19896491,-0.03825469,-0.09049889,-0.23897943,0.67594594,0.37560478,-0.32576424,0.4637909,0.07601734,0.09163631,-0.24083842,-0.23909777,0.06627701,-0.09448303,-0.13710013,0.06006959,-0.122982785,-0.16065967,-0.1165282,0.81441027,0.028880462,-0.2355283,0.22170807,-0.66305286,-0.21675104,0.0003208965,0.0120907575,0.32884988,-0.005961729,-0.04054483,0.68272376,-0.461765,0.41596,0.25351974,-0.19097897,0.59076583,-0.8562933,-0.24344324,-0.12653793,0.076710574,-0.1965596,-0.36062598,-0.09593396,-0.38878664,-0.12674059,0.34805685,0.28519067,-0.058127835,-0.15618265,-0.07738069,0.12126716,0.28237954,0.059148487,-0.03087528,-0.46343285,0.15245657,-0.026420476,0.1400207,-0.04425005,0.5410438,0.20313673,0.1842445,0.1981917,-0.2635222,-0.3724801,-0.06949721,0.038858384,-0.26825693,-0.4670456,-0.81264913,0.06685454,-0.18573849,-0.060159966,0.06697288,0.109539844,0.16631147,-0.3236791,0.13426329,0.03685096,-0.30648237,-0.2725191,-0.10827181,0.28543335,-0.45137492,0.053172074,-0.115870446,0.30830717,-0.2573911,-0.46714225,0.37671846,0.019665204,-0.19794261,-0.44289213,-0.35740143,-0.055775613,-0.3821809,-0.18866311,0.11335133,-0.5095173,0.24799114,-0.1418572,-0.21924308,0.010828002,0.17959407,-0.26187018,-0.26205048,0.37679198,0.6698201,0.10517273,-0.20429328,-0.26647753,0.1323362
0.66490376,0.16367674,0.556279,-0.32577136,-0.09285925,0.20011798,0.5876949,0.06785204,0.07502039,-0.116956785,0.20377213,0.11381957,0.38237453,0.5470648,0.4669091,-0.06090858,-0.62872136,-0.275716,-0.22737536,0.17374046,0.3365921,-0.38490885,0.04654647,0.45302805,-0.38128722,0.11589587,-0.19890673,0.2476287,0.122764625,0.20860036,-0.696486,0.19477625,0.18408407,0.14635861,-0.058663793,0.34290853,-0.18496177,-0.05469695,0.3132835,0.1951889,-0.26909634,-0.07344671,0.19102886,-0.11594993,0.14324538,-0.26946247,-0.21880634,0.0075304434,0.3684647,-0.41486126,0.048839018,0.6493162,-0.29396993,-0.27667454,0.33434844,0.1260017,0.095863,-0.22167404,0.062962994,-0.4436376,-0.012013927,0.46807557,-0.2226651,-0.41385227,-0.025887081,0.41772395,-0.07169048,0.35494354,-0.100618266,0.057227068,-0.14051765,0.2785734,-0.3878888,0.09749071,0.057544522,0.12726599,-0.07504189,0.65395707,-0.6120477,0.10714365,0.052644923,-0.5226983,0.015015796,0.26382518,0.10472691,-0.056257922,-0.06345947,0.40836897,0.06571546,0.13600464,0.20911825,-0.5511952,0.016119232,0.15446287,-0.3147226,-0.14787951,-0.0009678453,-0.8117213,0.07373816,0.4593205,0.14663109,-0.011935614,0.35186467,-0.23260438,0.29391563,0.30153087,0.18926299,0.06561587,0.07098399,0.05306138,-0.079980135,-0.10055994,0.5389952,-0.19209857,-0.043129772,0.032621108,-0.12274481,0.05698298,-0.26447955,0.26576436,0.2751332,-0.10818998,-0.04534488,0.02074477,-0.22838265,0.27014744,0.28961766,0.16961353
0.5364103,-0.11902164,0.0021822415,-0.10270548,-0.023258759,0.835374,0.33596203,0.33486733,0.24347328,0.24051291,-0.152937,-0.1366323,-0.24354784,-0.2720883,-0.4392251,-0.34338963,0.26982835,-0.44449833,0.39907867,0.2295187,-0.0798818,-0.12402006,0.13737302,-0.2289541,-0.3771131,-0.54474944,0.116401695,-0.2871489,0.19024494,-0.4108473,-0.3981697,-0.09891066,-0.3402565,0.10221124,-0.110158965,0.29130417,-0.3810744,0.101135574,-0.21159771,0.35639128,0.15921317,-0.15488568,-0.17449346,0.35391632,-0.2620814,-0.6419491,-0.03749779,0.102527454,-0.5683063,0.07770476,-0.0876904,-0.687026,0.025227576,0.43403953,0.11831256,-0.28600892,0.16753224,0.72934175,0.19749586,0.17493837,-0.52564543,0.594868,0.48423535,0.35320556,-0.0760769,0.14085245,0.13628447,0.5529566,0.29655346,0.021399597,0.5378938,0.060387813,-0.7460276,0.82047606,-0.40258327,-0.20392677,-0.054336037,0.51459205,-0.106732115,1.0879743,-0.08025776,-0.3358368,-0.49336708,-0.379155,-0.081829764,-0.5776615,-0.32500717,0.06227855,0.03268321,-0.33384535,0.059624508,0.38141614,0.15480697,0.050566,-0.1527284,0.31088957,-0.17781116,0.24086998,0.1112697,0.11355308,0.014341517,0.032634996,0.33299434,-0.024255365,-0.05306726,-0.1631589,-0.13655163,-0.013465876,0.10369086,0.08801995,0.084958,-0.6874611,-0.040557545,-0.21935868,0.28472865,-0.038100593,1.1916336,0.45815805,0.2827049,0.2673056,0.096641704,-0.07456087,0.20518476,0.4284101,0.0588293,0.33977607,0.35058334,0.46233273
-0.11935036,0.04585223,-0.29736856,-0.19324253,-0.26038867,0.00079203397,0.040507264,0.40756664,0.05282762,-0.2249287,0.041680887,-0.36822796,0.04413338,-0.017259456,0.30740175,0.118274525,-0.46092469,-0.07148621,0.23636249,0.0121383,-0.20748934,0.023488283,-0.08265234,0.11671414,-0.4561506,-0.06888511,-0.18188676,0.27147385,0.11687814,0.035488635,-0.79301226,-0.30033505,-0.5182609,-0.5301128,0.13116646,0.9520785,-0.2840981,0.25916547,0.085301876,0.43183288,-0.119195364,-0.2807754,-0.19703703,-0.17411259,-0.026836546,0.020195384,-0.19428934,0.013266958,-0.04189241,0.07471346,0.13223498,-0.019698873,-0.23690188,0.09392649,0.12494754,-0.022237472,0.01250311,0.052667078,-0.25586796,-0.2012791,0.17754284,0.7067772,0.32442096,0.29826084,0.16387434,-0.31497592,0.37403977,0.4737473,-0.2890255,0.20859034,-0.5204826,0.07455193,0.12560831,-0.27493382,-0.039386638,0.40210053,-0.21125883,0.43425196,-0.16010904,-0.081700735,0.16654673,-0.112005204,-0.3740781,0.61414564,-0.030806433,0.029232487,0.21144119,-0.102020815,0.06296773,0.38110343,0.17018238,0.1352484,-0.3201409,-0.27406067,0.012446579,-0.42082196,-0.7296393,-0.18235295,-0.4019832,0.23749432,-0.34948266,-0.44327283,-0.13307908,-0.39995483,0.49001053,0.35858977,0.2229617,-0.06814369,0.3884704,-0.01937057,0.13614446,-0.034437872,-0.20350282,0.19523092,0.40577078,0.69541156,0.6983993,0.32043383,0.3802627,0.6677036,0.28203273,0.42665046,-0.15565836,0.8261684,0.41233844,-0.06861335,0.25809574,0.081384875
0.03322938,0.14708602,-0.15857002,-0.1299472,0.70381707,-0.35952473,0.03783015,-0.11578707,-0.009976089,0.15325734,0.018023498,-0.019542947,0.32304832,0.03410776,-0.16066135,0.11532739,0.012806401,-0.07854991,0.017643556,0.2284501,-0.04331544,-0.38714463,0.017300162,-0.054242216,0.37809616,-0.15344094,0.16746251,0.12968901,-0.14682728,0.27112284,-0.0714614,0.13926908,-0.23790921,-0.24757893,0.042665526,0.064165264,0.074652866,-0.06339133,-0.27455902,0.20030679,0.18371667,-0.5088031,-0.12081748,0.033910397,0.14672302,0.19112842,-0.17587389,0.099522956,0.49625874,0.3364844,0.17296773,-0.42703477,0.264473,0.13357583,-0.26333264,0.16323811,-0.35072142,-0.28935942,0.037425894,0.38815683,0.018723458,0.7928016,-0.00036208332,-0.44237894,-0.044342563,0.016082421,-0.047457535,-0.3135934,0.117708124,0.48250982,0.23060979,-0.28212887,0.30518752,-0.28893128,0.27712098,0.17979956,-0.19602817,0.44583705,0.13625449,0.3718363,-0.14517269,0.2892671,0.011595773,0.046454452,-0.5892128,0.4334234,-0.26328096,0.18489406,-0.24739534,-0.5220057,-0.21183166,0.18075646,0.48291475,0.05968304,0.3403691,-0.052108973,0.36568543,0.12389637,0.11969951,-0.487368,0.112240225,0.121050306,-0.1304279,0.5116596,-0.029392451,0.072460935,0.15342556,-0.26854354,0.1430229,-0.15313882,0.05708736,-0.064398415,0.03101508,0.031018091,-0.18491015,-0.060760267,-0.0060992315,0.12838432,-0.108441785,-0.30909002,0.023948386,0.6035206,0.16760826,0.3197117,-0.43234092,0.34376007,0.011978447,0.25484532
0.24378508,-0.02765036,0.043891326,0.2201308,0.42474955,-0.52315795,0.1567564,0.13712505,-0.16027083,0.23754321,0.043437816,-0.14412665,0.4105553,-0.52948356,-0.20202193,0.101023875,-0.08213851,0.5792493,-0.06901893,0.44122693,0.085599035,-1.0122247,-0.3051213,-0.120019555,0.23757203,-0.06912755,0.34668416,0.19722739,-0.43859345,0.27112895,-0.18220754,0.59085554,-0.026610851,-0.007943161,-0.26961172,-0.61469585,-0.049248695,-0.14975774,-0.5100957,0.24533223,0.6687269,0.00045406818,-0.35096794,-0.6186325,-0.13210629,0.06765555,-0.5009663,0.17447186,0.041875973,0.1549913,0.18867344,-0.23824488,0.6209009,0.12977678,0.2881815,0.39343062,-0.678845,-0.48148125,-0.27642146,0.18834832,0.43959996,0.42742375,-0.25428092,-0.22513238,-0.49059677,-0.43168285,0.5789636,0.023526456,-0.40344375,0.3095677,0.15806925,0.50034153,0.51080436,-0.21172379,-0.3230471,-0.3637579,-0.39326125,0.81766623,0.1911985,0.073180236,-0.3514427,0.54890794,-0.032633223,0.3279498,-0.21213473,0.23917131,0.23990625,0.07676633,0.23414683,-0.23650368,0.06674671,-0.3075185,0.31660765,-0.28092825,0.038950786,0.13761035,0.20661822,0.292443,0.2433687,-0.18080625,-0.6072585,-0.022481844,0.047105893,-0.073874116,0.04529614,-0.34890375,-0.11972156,-0.09118712,-0.15000318,0.011596557,-0.1888808,0.112430945,0.28271955,0.1348782,-0.02955199,-0.20585752,-0.2298882,0.5070509,-0.3977171,-0.6146414,-0.45247513,0.34680325,-0.06523637,0.7710985,-0.3687477,-0.027850427,0.41866177,0.39644802
0.46730328,-0.2851888,-0.23870437,1.0159473,1.199282,0.2589051,-1.0627952,-0.14807583,-0.53873366,0.020241354,-0.1710212,0.1582298,-0.33238256,-0.2214254,-0.048604146,0.09160045,-0.039064437,0.11130471,0.10518567,-0.03972584,0.4944898,0.48371977,-0.024218988,0.10293963,-0.19254184,-0.6628629,-0.08683896,0.24685952,0.34126687,-0.13173123,-0.05448688,-0.43138605,0.25378963,0.44238302,0.15589108,-0.5518601,-0.058615074,0.5093099,0.5896969,0.4393096,-0.33657324,-0.11082366,0.26404792,-0.15630525,-0.20739608,-0.021051493,-0.06973615,0.09368556,0.40160182,-0.2657169,0.034792315,-0.3820798,-0.18285668,-0.05636438,0.62275803,0.03139107,-0.6729734,-0.1855691,0.5483419,-0.40958086,-0.45931238,0.28321353,-0.6312222,-0.056118876,-0.5416171,-0.3208724,0.21144892,0.31170678,0.49789563,-0.05277992,0.19054016,0.09630729,0.3828121,0.08771296,0.5507309,0.39503896,0.19397739,-0.7661457,0.7572227,0.20854965,-0.23727553,-0.11235255,-0.45050943,-0.32414764,-0.10204485,0.3139814,0.18343924,0.57907486,-0.5045691,0.26941407,0.013058333,0.21059678,-0.51737577,-0.6050088,-0.7372198,-0.12742658,0.29453224,-0.093625665,-0.044983722,-0.20231724,0.1442493,-0.17517436,0.340902,0.627043,-0.31024945,0.05063781,-0.050448664,-0.57215047,0.035803776,0.7505494,0.038431585,-0.015300311,0.5914823,0.119594544,-0.14360416,0.4752185,-0.17401774,-0.095427155,-0.4734304,-0.17780317,0.031221323,0.73059005,-0.10096776,1.0466039,-0.87245935,-0.66157997,-0.13615906,0.26553372
0.06182181,0.4379613,0.22641055,0.58656925,0.64136,-0.41072494,-0.24512932,-0.011426863,0.10619561,0.084966905,-0.12620115,0.24587172,0.3287531,0.0432408,-0.11148393,0.05120299,-0.6462744,-0.082455695,-0.5563907,0.41593063,0.5513855,-0.054215506,-0.5102929,0.27250376,-0.15604788,0.5381371,0.15970798,-0.12655716,0.16720228,-0.057888836,-0.32354754,0.0015143743,-0.29200554,-0.18980865,-0.1217722,-0.10697891,-0.41863483,-0.4535661,-0.19894785,-0.1044144,0.030730514,0.031521365,-0.31110767,0.30932868,-0.7384075,0.23588023,0.15378708,-0.18530272,-0.55096763,-0.2925104,-0.2092559,-0.33010817,-0.5818299,0.3594892,-0.2565699,-0.15507042,-0.35020375,-0.3126367,0.14831959,-0.56568813,-0.23587361,0.5591923,-0.49306104,-0.5089021,0.60578436,-0.3552295,0.63497674,-0.23155376,0.23195885,-0.08333789,0.13394612,0.15045813,0.024406992,0.47552022,-0.23094305,0.015223671,0.17103404,-0.0071870536,-0.08964112,0.29551187,0.0031372309,0.47104824,-0.002004847,0.020340672,-0.34464663,0.09299534,0.44003978,-0.18263327,-0.45327118,0.042655043,-0.07868493,-0.12744834,-0.14678839,0.17603016,-0.14446384,0.4166646,-0.13378236,0.2686482,0.15277287,-0.20983714,0.26558888,0.4192981,-0.14416394,0.005329266,0.45108432,-0.41783303,0.15109402,0.04107321,0.19251475,-0.21294,0.48459223,0.045320082,0.82525945,-0.39179882,-0.1253067,-0.25844085,0.19806471,0.4146633,-0.24919641,-0.4383673,0.15581879,0.5483966,-0.5173222,0.16696233,-0.41278228,-0.20844917,0.29199216,0.6948269
0.18373372,0.118185505,-0.2486726,0.88576305,0.5791094,-0.005150795,0.05017659,0.09264269,-0.19144696,-0.020147664,0.06322356,-0.04887555,-0.005116999,0.09813822,0.08521589,-0.45820582,-0.32916433,-0.20074052,0.04770258,0.1385168,0.0969926,-0.4975639,0.18325917,-0.30470926,-0.4344076,-0.14964457,-0.19006442,0.1593802,-0.44323453,-0.14771792,-0.28705853,-0.004208479,0.009034187,0.13462114,0.26722413,-0.04777363,0.19047111,-0.16853952,-0.45940083,-0.12301567,0.22993039,0.16543403,-0.017648406,-0.25957984,-0.017229404,-0.16539204,0.12735021,0.10762735,-0.048336457,0.057078872,0.2301147,-0.07651962,-0.14952034,-0.17786631,0.14230268,-0.10699119,-0.29874513,-0.5623337,0.36279717,0.6174163,0.41290295,0.1406959,-0.47548833,-0.15194944,-0.04195374,0.26256567,-0.18727736,-0.25266343,-0.016932927,-0.37347397,-0.23410854,-0.37450102,-0.06387757,0.08723244,-0.29889274,0.15877901,0.2798994,-0.1022851,0.06114456,0.28887907,0.1530005,0.066020414,0.046535008,0.07497151,-0.6454405,-0.34155586,-0.513496,-0.040805012,-0.2743796,0.17554992,-0.01493936,-0.16490236,-0.12593992,-0.43186936,-0.22703747,-0.5669498,0.5366782,0.41238093,-0.085211605,0.15405113,-0.1978247,0.2967355,0.3758773,-0.059270546,0.2034734,-0.031608373,-0.3642853,-0.11554551,-0.07842246,0.15170577,0.17899963,0.02444603,0.4997055,-0.43525505,0.26345217,0.105388165,0.35541502,0.09965292,-0.366313,0.016913354,0.2978503,0.19276275,-0.24621801,0.27579373,-0.7448337,0.12074107,0.38019413,0.5491414
0.017177558,-0.13529924,-0.035331473,0.9002292,0.45574155,0.38902593,-0.39199686,-0.004290646,0.29036456,-0.23534629,-0.3366804,-0.11033854,0.44985354,-0.26717085,-0.08617799,0.09469746,0.119907334,-0.07913566,0.15756182,-0.0070406944,0.2672306,-0.2899651,0.39841297,0.17799339,-0.22409353,-0.011015039,-0.10255875,0.13267295,-0.016279288,-0.006579102,-0.6065729,0.05326898,0.062042147,-0.009118874,0.06582111,0.1782783,0.3817127,0.36603644,-0.48048162,-0.15042523,-0.25673085,0.17362484,0.06994172,0.04757589,-0.5089173,0.07705083,0.06976194,-0.18917702,0.16257097,0.027136907,-0.037366062,0.06866931,-0.01087375,-0.12724137,0.3317156,0.2505549,-0.14075333,0.01311703,-0.11618398,0.07758543,0.06607156,-0.031876303,-0.31253183,-0.11649628,-0.24697584,0.24342982,0.13636702,0.09281909,0.04932135,-0.22114095,0.1199583,0.14716202,0.21661177,-0.0160636,0.05964517,0.044009127,0.023932744,0.10388181,0.13116476,0.13282964,-0.4059646,0.21193948,-0.12889102,0.17648181,-0.30985868,0.47598174,0.0035895407,0.2503638,0.27427244,0.12372524,0.3583839,-0.223445,-0.024971126,-0.006617859,0.15834545,-0.12097107,0.6543795,0.41403112,0.42157984,0.2664618,-0.2075312,0.10172764,-0.14871062,0.15817317,0.23014912,0.13715646,-0.29347032,-0.071195915,0.0084713325,0.01529929,0.26038247,-0.0125634,-0.087315075,-0.053329557,0.1508483,0.1210379,0.08511136,0.332062,-0.060210004,-0.14089885,-0.017271152,-0.1450113,0.041385274,-0.33595783,-0.7930355,0.12669799,-0.113313854,-0.2333636
0.53450614,0.03003233,-0.14003357,1.4468809,0.21500187,0.48314032,-0.46374965,0.020386681,0.28248957,0.16263944,-0.6028267,-0.33993047,0.0022009164,0.06299174,0.095548786,0.03630631,0.34277585,0.12249525,-0.093716,0.030203879,-0.12354338,-0.45645794,-0.16415696,-0.0896412,-0.18783778,0.25290716,0.2095049,0.23114796,0.3901701,-0.61121815,-0.08257577,0.02684056,-0.24850635,-0.14084277,-0.5234115,-0.4907207,-0.7588044,-0.06962686,-0.70900005,-0.03667578,0.0941515,0.67370147,-0.1384157,-0.013945956,0.40888667,0.26190475,0.010928556,0.3196243,0.2843547,-0.62128335,0.14853467,0.021312857,-0.7350849,0.0042164475,0.46825048,-0.5669997,-0.10998748,0.06610772,-0.089863464,-0.19041553,0.359271,-0.03370364,-0.1622926,-0.07295892,-0.28636906,0.12415588,0.097093984,-0.17260024,-0.600135,-0.17472309,-0.73543555,0.25040162,0.028190665,-0.21413255,0.05264949,-0.17669527,-0.13918613,0.33948845,-0.11845067,0.2580224,0.40623897,-0.42319873,0.32749993,0.19621833,0.32010257,-0.2623995,-0.68601584,0.17504248,0.1460103,-0.00022755936,-0.2927231,0.1205282,-0.04164042,0.6802921,0.5259327,-0.3939098,-0.022218615,-0.06944585,-0.36080652,0.10625836,0.26773515,0.24521907,0.050339047,-0.44755805,-0.076772705,-0.059098274,0.38052416,-0.77125156,0.31877053,-0.16350855,-0.06975338,0.03477564,0.10020977,-0.049664423,0.061184987,-0.039029293,0.10989028,0.5878159,0.19583201,0.429349,0.13125621,-0.71392214,-0.10277293,-0.115337595,-0.81951016,-0.042317785,0.11625451,0.042335346
0.08079639,0.21962063,0.115190275,0.36881566,-0.1583671,0.24172659,0.11693341,-0.05749522,-0.026706878,0.20121618,0.05037561,-0.23760004,0.3733066,0.32249594,-0.073671475,0.09363985,0.72738916,0.13929327,0.12779778,0.15730166,-0.20090294,-0.22297725,-0.07194643,-0.14953594,0.26357862,0.040338807,0.16429144,0.26054066,-0.3793357,-0.22801015,-0.5607901,-0.28315634,0.30372798,-0.07346515,-0.30239987,0.43489245,0.33477646,0.3021658,-0.09853105,0.11264825,0.042339988,0.1878814,-0.09958309,0.24851379,0.3482419,-0.20043546,0.2839076,-0.060891617,0.5562311,-0.54818493,-0.15833098,0.03680049,-0.31211284,0.18650155,0.029559862,0.031432733,-0.183557,0.14006968,-0.35967922,0.31701297,-0.13069682,-0.08024797,-0.36417517,0.29192266,-0.40893984,0.23842523,0.22235121,0.013700217,0.12699185,-0.070588164,0.24141355,0.0465145,-0.35014972,0.20623174,-0.030554518,-0.19339855,0.21954039,-0.25809324,0.020034358,-0.0213698,-0.09261019,0.34093714,-0.0012220293,0.4666085,0.16619189,0.39044428,-0.33728892,-0.54646975,-0.18871143,0.19697417,-0.36351332,-0.40636688,-0.19023055,0.37193713,-0.117440656,-0.18054931,0.48329782,0.11285754,-0.06455237,0.5054321,-0.17710474,0.34732527,0.0015474111,-0.041063275,-0.57025623,-0.043780193,-0.004291527,-0.07310307,-0.5002112,-0.05106239,0.0085181445,0.7678409,-0.1945829,0.0017259158,-0.3429298,0.1343489,-0.2930509,0.04201436,0.081181414,-0.2019458,0.16863726,-0.42675078,0.16594295,-0.7556463,-0.24824077,0.33352196,0.14518473,-0.37883508
-0.39318326,-0.77322227,0.26758367,0.3137467,-0.5854179,-0.08454008,-0.018927217,0.14358318,-0.0032186676,-0.24142599,-0.2944651,0.007991143,-0.26023763,-0.020874126,-0.5995209,0.09014208,0.018536836,-0.256724,-0.5222898,0.26985744,0.28129053,0.14786041,-0.25195736,0.29084113,-0.074721724,0.1324662,0.29294914,0.51771736,-0.3259635,0.11540254,-0.65624475,0.49790096,0.04822983,-0.12563774,0.18459913,1.0996299,-0.037428886,-0.07685763,0.37126172,0.1283026,0.12451238,-0.0431021,-0.15655911,0.0074360296,0.22221673,-0.07078785,-0.54141545,0.6674177,0.43019316,-0.7840167,-0.0955397,0.47733602,-0.109285966,0.51516974,-0.08694961,0.6148536,-0.61011195,0.19936159,-0.23271284,-0.13223459,0.04085818,0.1803636,-0.2212505,-0.00401802,-0.017487675,0.12774679,0.8814764,-0.018979587,-0.2540279,0.071761,-0.12881646,0.12903425,-0.10399878,-0.23685798,-0.3573979,0.24375106,-0.49728644,-0.12530279,0.17939018,-0.21618266,0.3897996,0.20803851,0.42438665,0.28767565,-0.22215676,0.5212714,-0.1519211,-0.034722254,-0.49397352,0.09386482,0.063303165,-0.46214628,0.2868362,0.058978613,0.7724157,0.25005352,0.72078085,-0.38473424,-0.29991543,0.24081948,-0.1442157,0.59009564,0.14977662,-0.3981613,-0.6643508,0.14045154,0.47618786,-0.16769178,-0.15974768,-0.2787141,-0.42200887,0.51665366,-0.17741871,0.85998577,-1.0941492,0.0606159,0.068153545,0.25391838,-0.3087486,-0.44285935,-0.17422664,-1.0059738,0.08930899,-0.5157325,-0.38662177,-0.32900092,-0.5275255,0.4101596
-0.18084712,0.42207032,0.2807873,0.06080443,-0.47682852,-0.15749273,0.041167215,0.28360075,-0.25001454,-0.33141488,-0.41073635,-0.13304172,0.32947493,0.10382052,0.15980148,-0.27796996,0.33306548,-0.08277184,0.28406185,0.48254228,0.12157433,0.18328057,0.084844396,-0.27601168,0.23861301,-0.09238521,0.062775046,0.0039843917,0.058153648,0.3384131,-0.7393356,-0.13660216,0.18651573,0.0857967,-0.17458905,1.0840495,0.08946787,-0.2153665,0.055583492,-0.060743228,0.042422395,-0.02859284,0.28644082,0.23008782,-0.3241552,-0.38936573,0.02157417,-0.070212886,-0.2604887,-0.45659274,-0.27154854,0.37391368,-0.023844764,0.10056876,-0.41832423,0.051645204,0.38186297,-0.026393276,-0.27343854,0.0390477,-0.2327094,-0.20148723,0.2837248,0.022332653,0.2879266,-0.03869372,0.046974257,-0.52317804,0.30357355,0.014496267,-0.13547817,-0.041418314,0.32506052,0.37702602,0.5061593,-0.06547177,-0.18138726,-0.33159375,-0.12847218,-0.02853559,-0.12313439,0.15191267,0.012863338,0.10883851,-0.36566937,0.2428953,0.26571563,0.055460304,0.33125615,-0.07587692,0.030545892,0.4815706,-0.07117341,0.13506444,-0.33411074,-0.3137697,0.24876538,-0.17835158,0.2226871,0.13045327,0.21700849,-0.0034968816,0.09822169,-0.20399365,0.11273527,-0.37757924,0.02855578,0.1576441,0.14001586,0.23140411,-0.0674595,-0.21457124,-0.116610944,-0.1490273,0.08544172,0.014548942,-0.20840311,0.4569982,-0.116300635,-0.10716547,0.34783292,-0.87795264,0.0041384865,-0.42819875,-0.023379087,0.15401956,-0.68000567,0.05151286
-0.37937766,0.1102664,0.4334736,-0.37653807,-0.08518991,0.18555862,-0.20523211,0.028057568,-0.13405696,-0.061939508,-0.47070667,0.2249685,0.17251797,-0.46305782,-0.10088204,-0.07421493,0.08103261,0.5093812,-0.32794297,-0.022064127,0.12970288,-0.0037536845,0.31135014,-0.08446616,0.42827725,-0.36441487,0.04518652,0.05673188,0.068981156,-0.16685396,-0.11063063,-0.042675734,0.10264329,0.36745098,-0.16308148,0.94014096,-0.097709805,0.22403151,0.23470977,0.10217427,0.3400745,-0.33765095,-0.23469153,-0.24434075,-0.027530365,0.0042098984,0.10457285,-0.30814156,0.14694196,-0.048185736,-0.18795052,0.13058949,0.34514365,0.21717028,0.12802312,0.28603122,-0.13543937,-0.05415826,-0.031647652,0.24714024,0.030910153,0.16542026,0.16295315,-0.0727669,0.08955804,0.10018353,-0.25939292,-0.08259348,0.15901302,-0.03808818,0.33129358,0.10185169,0.04136221,-0.045156702,0.26594818,0.07357347,-0.016112506,0.38097292,0.047354333,0.12810618,0.19210488,0.1942321,-0.10126647,0.22194241,0.11084657,-0.018062819,-0.090091616,0.04765337,-0.5030656,-0.22992173,-0.44840714,-0.12807323,0.3920004,0.31190544,-0.11566844,0.15193772,0.35461766,-0.48147744,0.1861805,-0.13187607,-0.24952927,0.07039678,0.2563293,0.1187789,0.07701732,0.11856274,-0.24789032,0.09322322,0.2580924,-0.30811054,0.47100317,0.11980016,0.38125843,-0.08655575,-0.04212992,-0.32359728,0.13296854,0.33999574,-0.109099716,-0.18351778,0.29331848,-0.35256487,0.08666077,-0.40073127,-0.31919518,0.40564686,-0.0032086968,0.47699857
0.5465072,0.040173642,0.053287264,-0.69268584,-0.0032049827,0.12724626,0.12084684,0.18100107,-0.09830358,-0.005732082,-0.044266306,0.39027387,-0.3652349,-0.6013042,0.21903838,0.13859427,0.0073410347,-0.65647006,-0.4096806,-0.18401009,0.27356628,-0.34083235,0.5436643,-0.25766873,0.49118322,-0.0669155,-0.3683534,0.23080556,-0.22031815,-0.28961286,-0.20249316,-0.2799276,-0.0779215,-0.3053697,-0.024087757,1.2148054,0.40744823,-0.117751844,0.21836951,-0.47103894,-0.24139562,-0.1966803,-0.13906528,-0.347027,0.26381767,0.22766933,-0.12699303,-0.57685167,-0.028237477,0.19855338,0.14539257,0.3281894,-0.04463579,-0.097005755,-0.4546031,-0.24534476,0.19666608,0.0929233,-0.11345033,-0.0989247,-0.17360297,0.31476218,-0.13247097,0.1866988,-0.029547751,0.2906477,-0.17591621,-0.30929306,-0.011716111,-0.12583713,-0.11929393,0.0053845905,0.017043054,0.2689442,0.47340363,0.092450276,-0.24490443,-0.018878609,0.4119754,0.19520745,0.102179244,-0.10742929,0.05281473,-0.03786419,0.13932028,-0.39276192,-0.071178496,-0.11852321,-0.095062956,-0.017173704,-0.1453281,0.13951764,0.2370076,0.022201613,-0.1688438,-0.12364037,0.24683875,-0.09664269,-0.19414318,-0.31738538,-0.01253077,-0.08291151,0.09439461,-0.29681426,-0.18350503,-0.18679756,-0.31256682,0.20728543,0.000980109,-0.38281882,0.2421416,0.13462137,0.0050759614,0.24564779,0.07389067,-0.15409902,-0.33736128,0.19967014,-0.021436738,-0.49014646,-0.13054773,-0.28964898,-0.031205582,-0.08394782,-0.0559835,0.2243368,0.033986516,0.05766195
0.059388634,0.18327111,0.46063095,-0.79724467,0.32439527,-0.68998945,0.6265986,0.21413714,-1.0895411,-0.4693891,-0.4225706,-0.2831634,-0.0070580766,0.28304258,0.40160885,-0.13843766,0.30805007,-0.43106347,0.07453358,0.3087239,-0.12260846,-0.12053114,0.031428874,0.083270796,0.8504146,-0.105662055,-0.24930906,-0.18497567,0.47467133,0.59204215,-0.41680878,-0.19622073,-0.100373566,-0.18826999,0.5581416,0.57421225,-0.3800341,0.5218832,0.25445935,0.21557122,-0.048201747,-0.24122058,0.09119746,-0.051112644,-0.17792226,0.1914724,0.36886328,0.06271483,0.47351104,-0.4918029,-0.034812935,-0.20813529,-0.14196582,0.162851,-0.39485323,-0.1215536,-0.34173054,-0.7828059,0.15734991,-0.4501794,0.00665541,0.85406095,0.41679868,-0.12600261,-0.34292963,-0.03866089,0.027644131,-0.24079272,-0.46255594,-0.57759076,0.27401033,0.026398232,-0.08746767,0.42175534,0.48407757,0.18697068,-0.62626725,-0.37028152,0.34149444,0.36087993,-0.0058047604,-0.43974626,0.20701456,0.015209295,-0.53153855,-0.113024235,0.49317715,-0.36865836,-0.047037885,-0.5649661,-0.36618683,0.4243044,0.54949874,-0.82965887,0.5714953,0.2464251,-0.15063861,0.04288055,0.6323021,-0.111625925,0.3212233,0.24517128,-0.24555725,-0.14559534,0.09356594,0.18996559,-0.17668673,-0.31741884,0.13721168,-0.07168166,-0.38523877,-0.6752009,0.3870051,0.28118926,-0.55091506,-0.059559375,-0.41807008,0.6769309,-0.09228905,0.0092623085,-0.13114297,-0.09354918,-0.2448411,-0.051592954,-0.11571211,0.5227748,-0.22078918,-0.19441874
0.7000617,0.40868935,0.16498104,0.87639165,0.035033822,0.17348738,-0.19967678,-0.29992253,0.3013585,0.6566552,-0.22877398,-0.57824045,0.08106054,-0.10461901,-0.107436895,0.4007637,0.2632003,-0.055871,-0.08889541,0.124642715,-0.06377854,-0.8803516,-0.18373801,-0.22593096,0.46708897,0.40867144,0.20786104,-0.2514545,0.034287035,-0.3460564,-0.3693112,-0.41309834,0.28678316,0.537236,0.1921584,-0.08692521,-0.4270026,-0.24193183,0.016072076,0.19158936,-0.28163797,0.6999552,0.08828731,0.22029938,-0.1962026,-0.1215633,0.45786852,0.12984468,-0.6428968,0.021938417,-0.28883573,0.10447982,-0.3419193,-0.042330638,0.5548375,-0.08052839,-0.3260485,-0.3084091,-0.39119577,0.35291043,-0.22711372,-0.04919643,-0.2660385,0.24032569,-0.02010043,0.053379297,-0.12966073,0.051151834,0.5154387,-0.97685945,-0.6331457,-0.17087993,-0.4844554,0.13102439,-0.39513665,0.61901635,-0.18540308,0.10827628,0.6173842,-0.34982812,-0.27543065,-0.034801215,0.22044587,-0.13876118,0.18264814,-0.6638886,-0.035757437,-0.44499856,0.6437567,-0.1489911,-0.1041929,0.24265465,0.0017854124,-0.010893844,-0.3080669,0.0810184,0.24167922,-0.41032165,-0.37649286,0.27498528,-0.47360373,-0.34443268,-0.13358572,-0.077935725,-0.59811705,-0.5920306,0.10370914,-0.017362103,0.13215257,0.029667161,-0.18039101,0.1569266,-0.16348991,-0.07425011,-0.723713,-0.021581382,0.5802989,-0.24309845,0.32466537,-0.13853021,0.1758895,-0.48648548,-0.31595063,0.156989,-0.023899242,-0.2784437,0.09432435,0.1232533
0.2030127,0.44469932,-0.08229394,-0.24063182,0.3242229,-0.20116198,0.26387334,1.0686231,0.7190415,0.8106913,0.6166247,0.22864655,0.07174909,0.235169,0.13219997,0.00039860606,-0.06419248,-0.13428845,0.029107615,-0.027749125,0.29228362,0.094908625,0.28695515,0.05460525,-0.30091295,-0.21184684,0.03280975,0.24857163,-0.086124495,-0.063238144,-0.6865803,0.59866333,0.20165049,-0.2527723,-0.24275926,0.5312804,0.13659005,0.77421606,0.018023375,-0.19277519,-0.60424453,0.46014082,-0.021715313,0.419711,0.049229037,-0.026298346,-1.0191478,0.20821059,0.19902489,-0.6847878,-0.0081515685,0.33757517,0.2588694,-0.22777663,0.52905536,0.2604076,0.46311378,0.2151889,0.11486313,0.1513279,0.14009516,0.36737418,-0.20229372,0.27624717,0.09167321,0.8607198,-0.028798645,0.29987213,0.7941391,-1.0899079,0.02925799,0.15121838,-0.05684271,0.49596918,-0.123025715,0.2268811,0.2136382,0.8867952,-0.1913462,0.1313075,-0.39387342,-0.011168689,-0.089960076,-0.35049382,0.039518654,0.37238264,-0.1255356,0.47786555,0.31390196,0.8277909,-0.06196072,-0.52240837,-0.5772502,-0.49368614,0.2186158,0.32359427,-0.43973047,0.057703976,0.15866166,0.46761784,0.42233473,-0.44650608,0.38505226,-0.32132125,-0.31479108,-0.10949317,-0.5860297,0.22198842,-0.22804779,-0.052122314,-0.16393039,-0.13296625,0.40884572,-0.30418205,0.23794758,-0.1119636,-0.26823577,0.07664683,0.4487766,0.7463869,-0.17837445,-0.27761832,-0.27290657,0.081796736,0.7369431,0.06980726,0.19064003,-0.18710972
-0.39693958,0.26916435,0.16062483,-0.4357121,-0.3908942,-0.43067896,0.15282938,0.22874044,-0.5753613,0.4455517,0.07481956,-0.33248615,-0.22509596,-0.21045825,0.56045794,-0.07353995,-0.41865054,-0.3669517,0.060694523,-0.2804815,0.39547533,0.18912315,0.1079569,-0.25052753,0.0018292964,0.2444179,-0.25648773,-0.112186916,-0.33821338,-0.39941597,-0.34308943,-0.39513296,0.012277015,0.06886029,-0.16411813,1.1947217,-0.26517704,0.4657067,0.3558067,-0.58243006,0.015328683,0.3054616,-0.12583679,0.02640243,-0.027731916,0.12477648,0.26443362,0.09717998,0.050296664,-0.01627262,0.090157464,0.1668598,0.11688872,-0.2883793,-0.050766543,-0.029436795,0.2419107,0.10920586,0.48556244,-0.536307,-0.16139469,0.6526949,-0.04008332,0.17166618,-0.04894504,-0.29684344,0.18905416,0.46641514,-0.030463992,0.36940438,-0.5051551,-0.008427061,-0.11947468,0.12527514,0.03861155,0.14668426,-0.060618863,0.07622698,-0.46539643,-0.2000302,-0.043819588,0.43410212,-0.45638394,-0.03847312,0.19999266,-0.74191296,-0.08294742,-0.26250464,-0.1396815,-0.16162717,-0.060808245,0.15737075,0.33623126,-0.6450201,0.1983873,0.04398015,-0.18239118,-0.4438955,0.26939142,-0.16642559,-0.09193495,0.34022212,-0.32237703,-0.18821315,-0.08989358,-0.06113489,-0.15984319,0.43262336,0.16896728,-0.38085407,-0.1521055,0.19374962,0.6202089,-0.11769998,-0.34482646,0.17148551,0.29405326,-0.28367782,-0.20614186,0.4328827,-0.4394102,0.43809563,-0.096474186,0.59245294,-0.17380178,-0.41652292,-0.22310199,-0.30066013
0.25746393,0.27104816,-0.22907247,0.10488446,-0.12621078,0.11896115,0.03488487,-0.03557643,0.052177727,0.3148261,-0.394472,-0.03402703,-0.181867,-0.18003166,0.3497402,0.01856153,-0.81724024,-0.14165284,0.4818608,0.41409156,0.08860405,-0.37482807,0.24558124,0.41480848,0.13684551,0.30197158,0.12250199,-0.6874864,-0.277579,0.122860916,-0.830886,0.5389602,-0.41649604,0.29034838,0.31426924,0.65153134,-0.8352502,0.5741053,0.06086038,-0.7786031,-0.37035125,0.027467728,0.2469691,-0.19608568,-0.6888021,0.22876939,-0.5211278,-0.027298473,0.5194936,0.012634972,-0.33665004,0.20002943,0.013007864,0.1596406,-0.049364075,0.12662,-0.10005928,0.34227616,-0.0019158348,0.08960673,0.035106733,0.6045314,0.5153531,0.36109126,-0.16207406,-0.14988506,-0.044244397,0.5828571,-0.48787463,-0.26800504,-0.346052,-0.30131748,0.088398844,0.06396051,-0.17421257,0.34856403,0.028952688,0.4893635,-0.43224093,0.028996628,-0.152706,0.04558003,-0.03791903,0.24485017,-0.05352129,-0.45102233,-0.31621426,0.35724527,0.029046461,0.15137008,-0.19352141,0.23447406,-0.41628337,0.35661438,-0.06950988,0.6795978,-0.23205101,-0.1946918,-0.27428004,0.2621531,-0.5012298,0.20300981,0.019596461,-0.38860077,-0.23248632,-0.21648327,0.6041089,-0.39229292,0.012786785,-0.78108466,0.15129995,0.37215286,-0.18577617,0.23679434,-0.08071023,-0.53050804,0.22678623,0.2739662,-0.21471494,0.4224807,0.037920482,0.0744093,-0.03859987,0.34273157,0.16770488,-0.07971238,0.6000966,-0.5208184
-0.31824967,0.12863433,-0.21419346,0.04075697,-0.34474587,0.23880291,-0.2679687,0.06364695,-0.32777935,-0.44869533,0.24793641,-0.54028445,-0.31229556,-0.78776646,-0.19378899,-0.16972737,-0.1943786,0.07052207,0.09271336,-0.11385741,0.038172446,-0.017371148,0.41727257,-0.054354005,0.12026829,-0.03156996,-0.5582301,0.1113377,-0.35829896,0.92558783,0.16190207,-0.16530874,-0.06826558,0.28177166,0.6618099,0.2439096,-0.5982786,0.028391097,0.29248363,-0.1486136,0.11925222,0.045370236,-0.09349379,0.1312185,-0.20555758,0.16811864,-0.65597117,-0.17449239,-0.20844865,0.27287441,-0.6869605,-0.51430887,0.5080465,0.60590625,-0.08165663,0.3508489,0.4649007,0.2132231,-0.23178297,-0.06567623,-0.25976184,0.90601385,0.8918762,-0.44991156,-0.36092067,0.4669722,0.15916516,-0.2650722,0.13542658,-0.10938181,-0.1966149,-0.65267295,-0.21919903,0.29388756,-0.052208096,0.37986457,0.28471678,0.26840234,-0.3407798,0.15619783,-0.0702825,-0.6023155,0.09109395,0.6414998,-0.32847694,0.5134735,-0.13357338,1.3108252,0.05537097,0.019997673,-0.3608914,0.8078257,-0.7124012,0.20620318,-0.22008385,-0.29783016,-0.41899592,0.5782948,-0.11571629,0.6798317,-0.0191965,0.14504847,0.34234738,-0.5912546,-0.64713013,0.55441725,0.80688983,0.18655224,0.21886039,-0.12909617,0.0034698844,-0.09046966,-0.23808731,-0.0849349,0.0075017437,-0.392606,-0.024656884,-0.1261856,0.30585983,-0.082087606,0.8125276,0.40313092,-0.37337825,-0.06358239,0.3600105,-0.71441853,0.617169,0.2597881
-0.13242428,-0.40817273,0.29196206,-0.22037457,0.1018978,0.20529915,-0.25170428,0.20176896,0.6699825,-0.37909168,-0.06517563,-0.11277954,0.25197846,-0.068969,0.3251533,-0.28514352,-0.5611778,-0.15734136,0.12866254,-0.27371067,-0.9998922,0.30152324,0.065961584,-0.42633525,0.14984964,0.2864356,-0.6344212,0.4253407,0.4400187,0.05790315,-0.4623562,0.06331089,0.2568989,-0.50902545,-0.63928825,0.07245554,-0.06262333,0.607774,0.08909541,-0.023860455,-0.2909733,-0.038947716,0.38255775,0.100477576,-0.045887902,-0.20088483,-0.5519068,0.364592,-0.25560173,-0.17465857,-0.18740043,0.08575036,-0.3821161,0.3413266,-0.41912103,-0.08473125,-0.28621662,0.12540327,0.34695223,-0.2798946,0.63809603,0.23076725,-0.24051148,0.025626972,-0.43385136,0.13482843,0.6214307,-0.06271894,0.3772145,-0.014036013,0.55000883,0.12206887,0.14117,-0.08241845,-0.12953566,0.3316116,0.21042368,0.035865635,0.07948248,0.42139813,0.67860436,-0.3478372,-0.11127382,-0.46150592,0.22816984,0.26677456,0.15569423,-0.42160168,-0.40038168,-0.5794787,-0.48197117,0.37736636,-0.15083262,0.15194415,0.15424299,-0.09041569,-0.37031716,-0.3150282,0.16454329,0.31927776,-0.61189723,-0.62394243,-0.49507082,-0.50045866,0.15117578,0.19899271,0.26350644,0.62810624,-0.3964597,0.43619195,0.38552147,0.11563779,0.6620521,-0.241216,-0.030469302,-0.16968593,0.059137184,0.5147203,-0.18675755,0.04999754,0.65452474,0.025997192,0.2746181,0.44182143,0.024271403,0.89378345,-0.4049425,0.3588701
-0.38753507,0.17499211,-0.04288406,-0.402734,-0.23095983,0.038176395,0.057793662,0.45750687,0.07814021,0.4905293,0.1456337,0.06772135,-0.058418468,0.08173623,-0.08229798,-0.15715417,-0.384503,-0.17622393,0.058535676,-0.08222464,0.013420131,-0.13768148,-0.2130209,0.045681514,0.17618494,-0.33529463,-0.19312447,0.34661177,-0.12988281,-0.026852556,0.10224557,0.22503978,0.10726534,-0.3185381,0.0019944627,0.39827007,0.06289579,0.39769372,-0.2827134,-0.38582104,-0.46503952,-0.5401821,0.0415129,0.101479426,-0.28038993,-0.1174496,-0.6620288,0.46385226,0.021173816,-0.33798027,0.0050952435,0.11190744,0.8021411,0.1521641,0.03756682,0.08596167,-0.10040587,-0.14351673,0.07118131,-0.76054853,-0.09925444,0.65882593,-0.13753328,0.15237248,-0.020411596,0.074279934,-0.18263163,0.06599783,-0.21130219,-0.088588424,0.1325089,0.32995746,-0.18473336,0.19210711,-0.33960706,-0.4989599,0.056346565,0.738152,0.15357652,0.022773508,0.01194869,0.036220998,-0.2559846,0.1923637,-0.039646357,0.32787025,-0.34547082,0.4316269,0.2281471,0.11438926,-0.3055788,-0.21232985,0.1966913,0.13124765,0.23457494,-0.26021102,0.028616633,-0.43429366,0.3118418,-0.019085199,0.34257966,-0.16160935,-0.09427706,-0.25682655,0.04470714,-0.18386663,-0.15825622,-0.68355125,-0.0039589815,-0.03849273,-0.005602654,-0.23955768,0.19473866,0.05662211,-0.3057668,0.36288384,0.49200335,0.19977161,0.21512106,-0.24356818,0.2117015,-0.19605073,0.27709794,-0.020994782,-0.54733473,-0.24877524,0.1338411,0.024810018
0.07533052,0.13721153,-0.39126307,-0.39843976,-0.18205924,0.0942844,0.4500193,0.07767487,0.061234806,0.24371532,0.6209352,-0.22231534,-0.36559764,0.004325822,0.32107,-0.33963552,-0.42081118,-0.060262665,0.04964436,-0.27813306,-0.4450411,0.08648616,-0.25534013,0.20477736,-0.057936892,-0.006154781,-0.21250264,0.08182995,-0.39018115,-0.18531373,-0.37206963,0.3126598,-0.40763274,-0.19263747,0.20950061,0.039389595,-0.022241218,0.15976013,-0.12773699,0.50467145,-0.041334957,0.08092399,0.09685373,-0.19508414,0.15220399,-0.05799099,-0.45641005,-0.3009149,0.13008098,-0.043356128,-0.2077502,0.33048865,0.596997,0.58533084,-0.15340884,-0.22209796,0.15315172,-0.45024428,0.1722288,-0.05367454,-0.21839112,0.8044587,0.19684942,0.05315575,-0.2948641,-0.25695953,-0.07753632,0.42057464,-0.20828897,-0.012899138,-0.15615433,-0.3019503,-0.17762263,0.2949265,0.104544386,-0.1479538,0.3370629,0.36211503,-0.33110872,0.19449069,-0.19543135,-0.18446785,-0.37541202,-0.19698972,-0.18790749,0.13022077,-0.25782034,-0.42277575,-0.012577906,-0.3870023,0.16327628,0.5013264,0.10178103,-0.06496927,0.6612806,0.13300097,-0.19543165,0.24958198,-0.5037357,0.33402318,-0.10430932,-0.046473037,0.51968515,-0.025392681,0.036719758,0.07940401,-0.38088208,0.03383918,-0.04264356,0.3628948,-0.35038495,0.25226912,-0.14965981,-0.23892234,0.053225614,0.65782976,-0.21228129,0.11833629,0.1421381,0.33148146,0.6348514,0.017761538,-0.09183394,0.5980846,0.16323286,-0.352888,0.20165117,-0.2643134
0.53116363,0.74470675,-0.22910815,-0.25995824,-0.08024916,0.65612483,0.13521925,0.31056613,0.30622226,0.60354465,-0.29973435,-0.055904493,0.38039738,-0.11035369,-0.24962881,-0.35865697,-0.46339244,0.60371953,0.36672726,0.46917623,-0.21891575,-0.4303894,0.02305464,0.39071995,-0.51131153,0.020543177,0.19958997,0.40414715,0.7642851,0.854356,-0.25598305,0.21832952,0.009010449,-0.18911976,-0.5861065,0.34946787,0.14298654,0.5475003,-0.21332201,-0.33344746,-0.17549273,-0.4053942,0.23067611,-0.2426472,-0.12266,-0.8368557,-0.38554764,0.18453348,-0.52887195,0.23845232,-0.70100653,0.18802243,0.017180875,0.0814786,-0.08940974,0.16944373,0.47869247,-0.278704,-0.052741513,-0.21445042,-0.09210402,0.618904,-0.10450187,0.65267074,-0.05578359,0.5178417,-0.06920692,0.025855813,0.9212681,-0.44863525,0.18100826,-0.024057258,0.07433909,-0.412543,0.03963989,0.027699172,-0.37881148,0.49165794,-0.6132125,0.11626047,0.0248826,0.11340785,0.03218633,-0.34378475,0.43036035,0.40880665,0.36917195,0.73172474,0.124994695,-0.07781011,-0.55205446,0.8636657,-0.2992668,0.40083846,0.15911958,-0.07631631,-0.2709734,0.52255976,0.10961843,0.39562052,0.26885512,0.35162812,-0.079719864,0.005574614,-0.18164332,-0.24384215,0.13358316,0.40334496,0.11305105,-0.92569536,0.043012194,0.44319397,-0.2807255,-0.1772353,0.179735,0.07314479,0.016145222,-0.33976743,0.28351468,0.37313962,-0.25624162,0.16192946,-0.49239329,0.61585724,0.39547017,0.07704571,0.01997526,0.33652744
0.17926592,-0.26784095,0.12567052,-0.07054293,0.16133995,0.48093542,-0.22204675,0.6281784,-0.1721411,-0.061661825,0.2364969,-0.3310713,0.97379017,0.120716356,-0.6030609,0.21180144,-0.5073859,-0.021165846,0.720479,0.08370119,-0.4807765,-0.92495614,-0.24087274,0.09609878,0.5064056,-0.10309537,-0.22209321,-0.08805432,-0.35007697,0.21250176,-0.4586187,-0.1553038,-0.74712634,0.013519138,0.30402952,0.44049126,-0.03488984,-0.1102643,-0.5894716,0.14113481,0.65250087,-0.6680835,-0.21813864,-0.33368224,-0.16133264,0.43645546,-0.27042007,-0.38931996,0.37416553,0.18706194,-0.15584841,-0.2568243,-0.1539894,0.20158102,-0.4903148,-0.123211555,0.27861232,0.7252214,-0.009018235,-0.3387919,0.25134957,0.15686421,0.07141222,-0.08135908,0.13056782,-0.48680508,0.026183292,0.26797488,-0.5093756,0.0012250915,0.7446732,-0.52340084,0.35930073,-0.46025848,0.5324807,-0.19314878,-0.38982642,-0.0038471818,0.4158738,-0.33367717,-0.018118046,0.33696562,0.70823264,-0.06662737,-0.17516086,0.067539625,-0.5354248,0.17056686,0.34035167,0.070650615,0.14755929,0.22861972,0.6124821,0.12604326,-0.21551485,0.26293102,0.3379104,0.24230707,0.07834551,-0.0080522,0.24359258,-0.4721226,-0.055615764,0.43526107,0.29125595,-0.24727967,-0.32830605,-0.3198248,-0.058315314,-0.26923227,-0.44463128,-0.29482287,0.2705123,-0.04596419,-0.31953946,0.06057041,0.18936075,0.46544412,-0.010198142,0.23662719,0.9467654,0.18366148,0.31649575,-0.19157451,0.3504412,0.80009663,-0.1275865,0.13175043
-0.32190478,0.05485072,0.36047608,-0.9502265,0.42568624,0.15937917,-0.1204735,0.20077838,-0.31153303,-0.063274585,-0.19551206,-0.020653658,0.27954194,0.61870193,0.042549014,-0.22491339,0.18170623,0.1904508,-0.11779162,0.15369953,0.33742386,-0.020138547,-0.13477926,0.11288284,0.03605468,-0.2041177,-0.037978813,0.023608781,0.16294362,0.19905701,-0.2767609,-0.114016496,0.046444356,-0.24198987,0.283251,0.6385524,-0.09320897,0.036435727,-0.11648884,-0.04158346,-0.21909612,-0.092210524,0.049556945,-0.12652452,0.012243781,-0.24613574,-0.016029766,-0.0025252178,0.19698809,0.32811972,-0.11090499,-0.28708375,-0.06713422,-0.63279986,-0.03944222,0.08579126,-0.063441366,-0.18060684,-0.016596526,0.17567259,0.026343074,0.49320102,0.021911036,-0.2774993,-0.25949252,-0.14553574,0.01057151,-0.019603178,0.2081913,0.34543955,0.011223324,-0.012318529,0.49781814,0.14726815,0.06088611,0.22606945,-0.63380635,0.29926178,0.18720135,-0.136171,0.38262415,0.12675886,0.06540484,-0.026784336,-0.051746115,-0.11962913,-0.40468812,0.14472327,-0.13947639,0.04214529,-0.044749312,-0.21370603,-0.02839728,0.2216611,0.36696157,-0.3777963,0.051597103,-0.100318775,0.22734855,-0.7393909,-0.22783157,0.15963553,-0.14073017,0.32202113,-0.011544504,0.2799368,0.0074911676,0.30759925,0.028624084,-0.20379214,-0.12488722,0.52039623,-0.03491599,-0.32961214,-0.21635315,0.23058835,0.12063462,-0.16502158,-0.004740227,-0.30974546,-0.07287399,0.08381607,-0.04760431,0.09903011,-0.077575214,0.017866828,0.18196256,-0.24472257
-0.48502237,0.73923373,0.052262485,-0.7581995,0.08221944,-0.18069288,-0.36781555,0.23390003,0.03574428,0.014004536,0.051066406,-0.2228556,0.13097422,0.3302448,-0.19145732,-0.033068277,-0.12996204,0.004921375,-0.11333042,0.009738639,-0.15866876,-0.44320232,-0.3219692,-0.037298284,-0.11203456,-0.088645145,0.09326773,-0.2439399,-0.08401423,0.027103327,0.34053683,0.076823264,0.27354217,-0.28588542,0.3856874,0.7612581,-0.29806978,-0.40953624,0.057195403,-0.052344725,-0.130556,-0.36973393,-0.08697523,0.3015311,0.4036667,0.3467051,0.36540392,-0.13700563,0.30491984,0.57167506,-0.004683897,-0.04571492,-0.17373747,0.375522,0.31332585,0.16402847,-0.6145195,-0.16088127,0.01985082,-0.3759101,-0.10277984,0.72929764,-0.3839764,0.33406454,0.13587655,-0.0043955743,-0.17258564,0.11628571,-0.08023295,0.1168275,0.3343107,0.3005823,-0.2882918,0.008089274,-0.4970938,-0.4215557,-0.046069123,0.32351434,0.5088169,0.22489436,-0.4534951,0.7797643,0.2230529,-0.13123868,-0.09157768,-0.0006772578,-0.008968577,-0.41111887,-0.26833084,-0.08797555,-0.3274818,0.1167361,-0.010753902,-0.10297313,0.2800321,0.0929267,0.11569848,-0.18965688,0.4513491,-0.5290184,0.03271866,0.12917978,0.019990586,0.03283482,-0.04101497,-0.17998981,0.021546226,0.009766459,0.1881091,-0.22410323,0.43584022,0.1594716,-0.23492053,-0.17286173,-0.28003785,0.0035375655,0.030458514,-0.1453342,0.41056192,0.14444941,-0.37104008,0.40084442,-0.37991482,0.2383329,-0.44042778,0.031536933,-0.40487528,-0.02296038
0.13775992,0.62492925,-0.8625246,0.30226284,-0.08342713,0.18841599,-0.12978317,-0.28401992,-0.20556775,-0.4716274,-0.17334774,0.049308263,-0.04932046,-0.5539674,-0.14046803,0.3644322,-0.28783935,-0.020014022,-0.026282098,0.58138216,-0.06648563,-0.02399923,-0.37142974,-0.17789495,0.071661375,0.030702256,0.13752998,0.53993875,-0.2029778,0.3517869,-0.6906401,-0.31857368,-0.45047635,-0.21498314,0.35270777,0.04946854,0.27803856,0.14498946,0.15096472,-0.68115723,0.35702825,-0.27425855,0.5206382,0.09712972,-0.22856656,-0.11071503,0.2663455,-0.27268088,0.2384064,0.097199924,0.36096728,-0.44106275,0.2584266,-0.1883937,-0.16739412,-0.3560288,0.117333174,-0.018622056,-0.16230437,-0.012426222,-0.40737215,-0.17515764,-0.003163159,-0.43260992,-0.42783266,-0.019378996,0.08098125,0.34736377,0.23865414,-0.6231465,0.17498088,0.3394021,0.15647979,0.22952043,-0.18440622,-0.097755834,0.11875378,0.17791933,-0.1368933,0.036723886,-0.113789424,-0.18655369,-0.2138705,-0.22702076,-0.7032401,-0.033658624,-0.044732764,-0.14509353,-0.16194558,-0.19846691,0.26818824,0.3999347,0.27576938,-0.07854493,0.45634615,-0.36201176,-0.06196341,0.036035173,0.2645124,0.15636677,-0.58676463,-0.7231856,0.2792637,-0.0897429,0.40351978,-0.32473522,-0.5362921,0.507757,0.14529978,-0.15037535,0.44218197,-0.18980508,-0.11434464,0.26150718,-0.26322567,-0.15322202,-0.25238147,0.031610116,-0.044913396,-0.5820702,0.12657106,0.30499244,0.11741219,-0.1288759,-0.95301056,0.011216834,-0.17509799,-0.15717837
-0.048491582,0.021853343,-0.17766243,0.7829627,0.507425,-0.16453514,-0.28726035,-0.31334126,0.1448593,0.15299535,-0.040854186,0.3227709,-0.074236244,0.041361652,-0.026797852,0.10618227,0.008947238,0.01644113,0.075485505,0.25613606,0.08710675,-0.0053052306,0.3399005,-0.15057437,-0.47050166,0.29538792,-0.15093866,0.25299245,0.046035632,-0.15651368,-0.5628421,-0.07977218,-0.32116362,0.2080311,-0.19272174,0.111607745,0.3718374,-0.039162897,-0.3147852,-0.26986104,-0.0076419786,0.027492844,0.21085373,0.18786535,0.09885526,0.38593498,0.21493304,-0.14588705,0.0366007,-0.015741609,0.36809957,-0.16199037,-0.040739313,0.021979636,0.017114295,-0.03739421,-0.110698536,-0.37542164,0.10333305,0.29121614,0.11661929,0.07636792,-0.60023314,-0.22483015,0.23735495,-0.08077172,0.170182,-0.085167326,0.22367688,-0.120751776,-0.12770763,-0.21848093,0.07676624,0.34390324,-0.14410721,-0.10642306,-0.039016172,0.28936562,0.21943629,-0.016212434,-0.47738087,0.18689558,0.28399676,-0.3339287,-0.6934289,0.13907975,0.053655542,0.1771371,-0.052858796,0.111454904,0.21653163,-0.38058296,0.0089099575,-0.18905133,-0.06289624,0.2857654,-0.03061068,0.3000586,0.14045085,0.39187396,0.13388973,0.014159806,0.38549832,0.08779059,-0.11204203,-0.29145128,-0.15447378,0.2705389,-0.29176512,-0.10821955,-0.10330787,-0.24673638,0.12919658,-0.18175608,0.37954593,0.17259824,-0.25441486,0.30101368,-0.16399729,-0.3461948,-0.023098137,-0.17818905,-0.25122595,-0.16811833,-0.95768166,0.15802541,-0.01729536,-0.19111426
